0.000011
0.000016
0.000011
0.000016
0.000010
0.000016
0.000011
0.000013
0.000014
0.000015
0.000014
0.000014
0.000012
0.000017
0.000012
0.000050
0.000010
0.000017
0.000010
0.000013
0.000008
0.000012
0.000012
0.000016
0.000019
0.000022
0.000012
0.000016
0.000012
0.000019
0.000021
0.000024
0.000012
0.000014
0.000013
0.000018
0.000012
0.000018
0.000020
0.000017
0.000014
0.000015
0.000012
0.000014
0.000019
0.000018
0.000018
0.000013
0.000014
0.000015
0.000014
0.000017
0.000016
0.000017
0.000013
0.000014
0.000013
0.000020
0.000011
0.000018
0.000016
0.000052
0.000010
0.000015
0.000017
0.000050
0.000014
0.000019
0.000038
0.000021
0.000016
0.000023
0.000016
0.000021
0.000014
0.000044
0.000012
0.000016
0.000012
0.000018
0.000014
0.000017
0.000018
0.000018
0.000016
0.000049
0.000016
0.000022
0.000015
0.000051
0.000010
0.000015
0.000015
0.000018
0.000013
0.000016
0.000012
0.000019
0.000015
0.000015
0.000012
0.000018
0.000013
0.000012
0.000013
0.000017
0.000011
0.000019
0.000011
0.000018
0.000014
0.000010
0.000016
0.000013
0.000010
0.000016
0.000014
0.000018
0.000016
0.000019
0.000013
0.000018
0.000016
0.000011
0.000015
0.000020
0.000011
0.000015
0.000012
0.000014
0.000013
0.000048
0.000013
0.000016
0.000016
0.000020
0.000011
0.000014
0.000018
0.000021
0.000013
0.000015
0.000013
0.000019
0.000029
0.000033
0.000015
0.000018
0.000012
0.000020
0.000012
0.000017
0.000019
0.000026
0.000010
0.000016
0.000010
0.000018
0.000014
0.000019
0.000024
0.000014
0.000011
0.000018
0.000011
0.000017
0.000013
0.000020
0.000013
0.000016
0.000012
0.000017
0.000016
0.000018
0.000010
0.000015
0.000015
0.000014
0.000012
0.000018
0.000017
0.000016
0.000010
0.000047
0.000009
0.000013
0.000014
0.000042
0.000012
0.000013
0.000010
0.000018
0.000011
0.000019
0.000009
0.000014
0.000008
0.000013
0.000013
0.000053
0.000013
0.000017
0.000009
0.000019
0.000010
0.000014
0.000014
0.000017
0.000009
0.000015
0.000008
0.000013
0.000022
0.000030
0.000013
0.000016
0.000029
0.000031
0.000021
0.000027
0.000018
0.000019
0.000016
0.000025
0.000012
0.000014
0.000010
0.000019
0.000013
0.000018
0.000010
0.000040
0.000015
0.000019
0.000015
0.000025
0.000008
0.000015
0.000010
0.000017
0.000015
0.000020
0.000014
0.000017
0.000008
0.000014
0.000010
0.000020
0.000012
0.000019
0.000011
0.000016
0.000012
0.000020
0.000012
0.000014
0.000010
0.000029
0.000011
0.000012
0.000013
0.000018
0.000010
0.000016
0.000011
0.000018
0.000013
0.000019
0.000012
0.000016
0.000015
0.000015
0.000011
0.000018
0.000013
0.000019
0.000032
0.000017
0.000012
0.000017
0.000013
0.000019
0.000013
0.000018
0.000012
0.000020
0.000011
0.000017
0.000055
0.000060
0.000045
0.000032
0.000056
0.000022
0.000018
0.000013
0.000015
0.000019
0.000015
0.000018
0.000014
0.000020
0.000017
0.000017
0.000015
0.000020
0.000015
0.000018
0.000019
0.000013
0.000013
0.000017
0.000012
0.000016
0.000012
0.000017
0.000013
0.000019
0.000015
0.000019
0.000011
0.000016
0.000012
0.000023
0.000013
0.000031
0.000013
0.000017
0.000011
0.000018
0.000011
0.000016
0.000015
0.000016
0.000013
0.000017
0.000014
0.000019
0.000015
0.000021
0.000019
0.000020
0.000013
0.000018
0.000012
0.000018
0.000015
0.000012
0.000015
0.000018
0.000012
0.000018
0.000012
0.000014
0.000016
0.000048
0.000015
0.000019
0.000013
0.000019
0.000110
0.000114
0.000043
0.000047
0.000026
0.000032
0.000025
0.000031
0.000023
0.000027
0.000015
0.000023
0.000019
0.000026
0.000014
0.000017
0.000017
0.000024
0.000014
0.000011
0.000021
0.000021
0.000012
0.000015
0.000012
0.000016
0.000013
0.000018
0.000012
0.000014
0.000012
0.000017
0.000015
0.000018
0.000012
0.000017
0.000018
0.000028
0.000012
0.000021
0.000011
0.000043
0.000019
0.000021
0.000016
0.000013
0.000011
0.000016
0.000015
0.000020
0.000049
0.000023
0.000011
0.000017
0.000016
0.000012
0.000016
0.000020
0.000015
0.000018
0.000018
0.000019
0.000012
0.000018
0.000015
0.000019
0.000014
0.000012
0.000020
0.000012
0.000016
0.000019
0.000217
0.000222
0.000089
0.000086
0.000060
0.000064
0.000047
0.000048
0.000031
0.000033
0.000019
0.000022
0.000012
0.000015
0.000017
0.000021
0.000017
0.000017
0.000016
0.000018
0.000017
0.000018
0.000018
0.000027
0.000057
0.000018
0.000019
0.000024
0.000014
0.000015
0.000019
0.000020
0.000013
0.000018
0.000032
0.000046
0.000019
0.000020
0.000014
0.000018
0.000015
0.000011
0.000019
0.000019
0.000017
0.000014
0.000011
0.000018
0.000015
0.000019
0.000017
0.000018
0.000013
0.000022
0.000017
0.000022
0.000018
0.000013
0.000012
0.000021
0.000015
0.000013
0.000015
0.000016
0.000014
0.000016
0.000014
0.000014
0.000019
0.000016
0.000018
0.000016
0.000242
0.000250
0.000128
0.000130
0.000072
0.000069
0.000073
0.000070
0.000039
0.000053
0.000022
0.000024
0.000024
0.000026
0.000015
0.000016
0.000016
0.000044
0.000010
0.000013
0.000014
0.000018
0.000011
0.000049
0.000015
0.000016
0.000014
0.000046
0.000010
0.000012
0.000011
0.000014
0.000010
0.000011
0.000014
0.000019
0.000016
0.000014
0.000021
0.000023
0.000018
0.000046
0.000018
0.000020
0.000018
0.000020
0.000017
0.000016
0.000018
0.000021
0.000011
0.000020
0.000030
0.000026
0.000016
0.000014
0.000012
0.000012
0.000012
0.000011
0.000013
0.000018
0.000010
0.000011
0.000010
0.000047
0.000012
0.000015
0.000010
0.000011
0.000010
0.000046
0.000290
0.000291
0.000149
0.000151
0.000096
0.000083
0.000065
0.000057
0.000041
0.000040
0.000027
0.000024
0.000022
0.000017
0.000018
0.000019
0.000013
0.000012
0.000013
0.000012
0.000019
0.000018
0.000016
0.000014
0.000016
0.000016
0.000020
0.000025
0.000022
0.000020
0.000015
0.000020
0.000014
0.000014
0.000012
0.000012
0.000018
0.000019
0.000016
0.000014
0.000015
0.000014
0.000015
0.000013
0.000016
0.000016
0.000017
0.000025
0.000018
0.000020
0.000018
0.000016
0.000019
0.000020
0.000023
0.000022
0.000017
0.000017
0.000017
0.000019
0.000020
0.000046
0.000019
0.000026
0.000014
0.000013
0.000014
0.000020
0.000016
0.000016
0.000015
0.000017
0.000297
0.000302
0.000158
0.000159
0.000089
0.000088
0.000062
0.000064
0.000042
0.000042
0.000026
0.000026
0.000018
0.000016
0.000019
0.000025
0.000019
0.000019
0.000013
0.000012
0.000014
0.000014
0.000016
0.000019
0.000022
0.000018
0.000029
0.000014
0.000012
0.000013
0.000019
0.000019
0.000027
0.000023
0.000023
0.000030
0.000021
0.000042
0.000021
0.000025
0.000023
0.000024
0.000016
0.000015
0.000016
0.000049
0.000013
0.000018
0.000018
0.000021
0.000015
0.000013
0.000013
0.000012
0.000014
0.000014
0.000014
0.000012
0.000015
0.000015
0.000015
0.000015
0.000016
0.000017
0.000015
0.000016
0.000012
0.000014
0.000015
0.000015
0.000014
0.000015
0.000398
0.000336
0.000206
0.000175
0.000093
0.000104
0.000070
0.000081
0.000058
0.000063
0.000035
0.000033
0.000022
0.000022
0.000020
0.000019
0.000031
0.000029
0.000026
0.000030
0.000015
0.000014
0.000012
0.000012
0.000015
0.000015
0.000016
0.000015
0.000015
0.000015
0.000014
0.000015
0.000016
0.000015
0.000013
0.000012
0.000013
0.000014
0.000009
0.000011
0.000012
0.000015
0.000013
0.000015
0.000009
0.000045
0.000045
0.000020
0.000012
0.000015
0.000015
0.000015
0.000083
0.000046
0.000020
0.000021
0.000020
0.000021
0.000014
0.000013
0.000020
0.000021
0.000013
0.000013
0.000013
0.000012
0.000017
0.000015
0.000014
0.000013
0.000014
0.000014
0.000385
0.000352
0.000182
0.000194
0.000098
0.000096
0.000069
0.000071
0.000055
0.000050
0.000035
0.000069
0.000025
0.000057
0.000022
0.000020
0.000022
0.000065
0.000089
0.000026
0.000019
0.000017
0.000020
0.000021
0.000021
0.000022
0.000016
0.000023
0.000025
0.000020
0.000017
0.000018
0.000013
0.000018
0.000089
0.000053
0.000015
0.000017
0.000013
0.000020
0.000015
0.000014
0.000015
0.000017
0.000016
0.000017
0.000014
0.000018
0.000016
0.000014
0.000019
0.000022
0.000015
0.000017
0.000013
0.000014
0.000015
0.000017
0.000017
0.000016
0.000013
0.000016
0.000014
0.000018
0.000021
0.000021
0.000028
0.000026
0.000016
0.000022
0.000022
0.000020
0.000440
0.000423
0.000179
0.000179
0.000097
0.000097
0.000060
0.000068
0.000045
0.000042
0.000030
0.000033
0.000025
0.000022
0.000015
0.000016
0.000016
0.000016
0.000021
0.000029
0.000020
0.000021
0.000016
0.000020
0.000012
0.000017
0.000014
0.000017
0.000017
0.000025
0.000015
0.000016
0.000012
0.000014
0.000019
0.000018
0.000018
0.000019
0.000012
0.000016
0.000014
0.000017
0.000012
0.000015
0.000014
0.000017
0.000012
0.000015
0.000017
0.000016
0.000013
0.000015
0.000017
0.000018
0.000013
0.000013
0.000014
0.000017
0.000022
0.000050
0.000017
0.000025
0.000020
0.000018
0.000016
0.000023
0.000019
0.000019
0.000018
0.000025
0.000016
0.000019
0.000464
0.000405
0.000212
0.000239
0.000140
0.000122
0.000085
0.000093
0.000049
0.000055
0.000027
0.000027
0.000020
0.000020
0.000017
0.000022
0.000018
0.000018
0.000016
0.000017
0.000033
0.000034
0.000023
0.000025
0.000020
0.000023
0.000018
0.000017
0.000012
0.000022
0.000011
0.000020
0.000012
0.000016
0.000012
0.000018
0.000018
0.000022
0.000023
0.000039
0.000012
0.000024
0.000018
0.000018
0.000014
0.000016
0.000015
0.000018
0.000013
0.000021
0.000017
0.000017
0.000013
0.000018
0.000013
0.000015
0.000014
0.000017
0.000020
0.000020
0.000016
0.000017
0.000014
0.000016
0.000015
0.000018
0.000020
0.000020
0.000016
0.000025
0.000018
0.000025
0.000967
0.001073
0.000487
0.000500
0.000237
0.000210
0.000142
0.000139
0.000104
0.000091
0.000054
0.000062
0.000041
0.000033
0.000047
0.000097
0.000027
0.000024
0.000023
0.000033
0.000023
0.000022
0.000024
0.000026
0.000022
0.000024
0.000022
0.000021
0.000017
0.000019
0.000014
0.000018
0.000018
0.000020
0.000025
0.000023
0.000016
0.000020
0.000041
0.000025
0.000019
0.000022
0.000016
0.000018
0.000017
0.000019
0.000017
0.000019
0.000015
0.000018
0.000018
0.000024
0.000018
0.000023
0.000018
0.000019
0.000016
0.000017
0.000016
0.000019
0.000021
0.000023
0.000020
0.000017
0.000032
0.000026
0.000025
0.000022
0.000030
0.000029
0.000022
0.000055
0.001613
0.001610
0.000829
0.000811
0.000413
0.000412
0.000281
0.000274
0.000170
0.000164
0.000091
0.000087
0.000057
0.000051
0.000047
0.000049
0.000040
0.000034
0.000046
0.000038
0.000043
0.000035
0.000052
0.000055
0.000055
0.000049
0.000038
0.000037
0.000038
0.000037
0.000028
0.000030
0.000032
0.000035
0.000030
0.000033
0.000036
0.000033
0.000044
0.000041
0.000031
0.000028
0.000031
0.000030
0.000027
0.000031
0.000030
0.000032
0.000026
0.000027
0.000027
0.000030
0.000020
0.000028
0.000026
0.000028
0.000033
0.000032
0.000025
0.000030
0.000030
0.000032
0.000032
0.000032
0.000030
0.000027
0.000038
0.000027
0.000028
0.000028
0.000029
0.000030
0.002146
0.002108
0.001247
0.001216
0.000732
0.000705
0.000496
0.000485
0.000325
0.000316
0.000143
0.000133
0.000099
0.000112
0.000063
0.000051
0.000082
0.000081
0.000077
0.000063
0.000077
0.000060
0.000069
0.000049
0.000041
0.000054
0.000048
0.000034
0.000044
0.000033
0.000035
0.000027
0.000034
0.000034
0.000027
0.000029
0.000040
0.000041
0.000027
0.000024
0.000027
0.000028
0.000025
0.000025
0.000029
0.000029
0.000092
0.000029
0.000031
0.000029
0.000053
0.000029
0.000053
0.000026
0.000056
0.000096
0.000057
0.000027
0.000055
0.000027
0.000059
0.000028
0.000084
0.000055
0.000063
0.000027
0.000079
0.000056
0.000029
0.000053
0.000071
0.000026
0.003828
0.003834
0.002124
0.002082
0.001219
0.001010
0.000690
0.000672
0.000461
0.000396
0.000225
0.000208
0.000131
0.000178
0.000109
0.000087
0.000145
0.000075
0.000086
0.000076
0.000112
0.000064
0.000113
0.000061
0.000084
0.000060
0.000086
0.000053
0.000047
0.000099
0.000172
0.000084
0.000037
0.000030
0.000065
0.000036
0.000030
0.000091
0.000036
0.000060
0.000036
0.000073
0.000033
0.000036
0.000081
0.000072
0.000035
0.000036
0.000035
0.000037
0.000034
0.000077
0.000036
0.000065
0.000092
0.000064
0.000034
0.000063
0.000029
0.000067
0.000094
0.000060
0.000036
0.000064
0.000059
0.000034
0.000062
0.000036
0.000105
0.000073
0.000037
0.000076
0.008072
0.007812
0.003963
0.003956
0.001988
0.001932
0.001350
0.001334
0.000840
0.000783
0.000542
0.000420
0.000258
0.000213
0.000174
0.000142
0.000175
0.000128
0.000152
0.000116
0.000154
0.000112
0.000152
0.000111
0.000157
0.000117
0.000145
0.000132
0.000108
0.000059
0.000076
0.000045
0.000065
0.000041
0.000057
0.000042
0.000069
0.000053
0.000060
0.000108
0.000055
0.000082
0.000059
0.000058
0.000057
0.000080
0.000087
0.000069
0.000057
0.000068
0.000057
0.000085
0.000123
0.000102
0.000125
0.000092
0.000073
0.000062
0.000060
0.000055
0.000056
0.000087
0.000093
0.000057
0.000069
0.000057
0.000057
0.000082
0.000054
0.000055
0.000056
0.000084
0.015322
0.015246
0.007803
0.007627
0.003825
0.003720
0.002879
0.002650
0.001560
0.001490
0.000871
0.000825
0.000498
0.000405
0.000611
0.000485
0.000339
0.000247
0.000325
0.000272
0.000448
0.000351
0.000301
0.000209
0.000310
0.000281
0.000286
0.000234
0.000182
0.000104
0.000064
0.000156
0.000189
0.000069
0.000056
0.000157
0.000068
0.000099
0.000100
0.000098
0.000135
0.000100
0.000173
0.000136
0.000122
0.000113
0.000105
0.000103
0.000167
0.000134
0.000093
0.000150
0.000096
0.000146
0.000096
0.000140
0.000170
0.000133
0.000099
0.000136
0.000103
0.000115
0.000113
0.000133
0.000107
0.000102
0.000125
0.000097
0.000122
0.000096
0.000145
0.000113
0.022129
0.022166
0.011737
0.011349
0.005533
0.005760
0.003785
0.003697
0.002341
0.002254
0.001359
0.001213
0.000726
0.000598
0.000596
0.000423
0.000504
0.000408
0.000594
0.000372
0.000467
0.000334
0.000339
0.000461
0.000619
0.000472
0.000385
0.000259
0.000465
0.000212
0.000157
0.000193
0.000181
0.000088
0.000076
0.000229
0.000080
0.000146
0.000253
0.000149
0.000160
0.000189
0.000220
0.000180
0.000218
0.000180
0.000214
0.000205
0.000156
0.000149
0.000149
0.000177
0.000157
0.000176
0.000151
0.000178
0.000210
0.000145
0.000163
0.000203
0.000164
0.000144
0.000142
0.000177
0.000153
0.000185
0.000147
0.000141
0.000144
0.000140
0.000172
0.000143
0.039002
0.038640
0.018707
0.018286
0.009006
0.009521
0.006326
0.006051
0.004009
0.003699
0.002081
0.001836
0.001180
0.000951
0.000746
0.001033
0.000989
0.000638
0.000873
0.000581
0.000577
0.000726
0.000543
0.000731
0.000630
0.000456
0.000528
0.000828
0.000245
0.000440
0.000152
0.000376
0.000140
0.000345
0.000109
0.000399
0.000113
0.000228
0.000265
0.000402
0.000260
0.000360
0.000302
0.000237
0.000234
0.000233
0.000255
0.000277
0.000297
0.000310
0.000289
0.000254
0.000246
0.000264
0.000274
0.000264
0.000285
0.000292
0.000305
0.000312
0.000235
0.000256
0.000236
0.000307
0.000253
0.000261
0.000274
0.000305
0.000268
0.000294
0.000303
0.000323
0.072707
0.072119
0.037997
0.037389
0.017615
0.017970
0.012268
0.012683
0.006938
0.007892
0.003802
0.004322
0.001879
0.002208
0.001352
0.001886
0.001167
0.001518
0.001019
0.001395
0.000997
0.001302
0.001038
0.001678
0.001412
0.001154
0.001163
0.000873
0.000517
0.001043
0.000358
0.000654
0.000561
0.001012
0.000440
0.000872
0.000228
0.000634
0.000412
0.000723
0.000259
0.000542
0.000319
0.000463
0.000490
0.000468
0.000502
0.000497
0.000503
0.000498
0.000516
0.000518
0.000481
0.000478
0.000494
0.000510
0.000492
0.000499
0.000489
0.000549
0.000488
0.000500
0.000519
0.000461
0.000440
0.000466
0.000471
0.000492
0.000485
0.000476
0.000507
0.000498
0.151731
0.153817
0.076729
0.076040
0.036689
0.039342
0.025208
0.025364
0.014680
0.015054
0.007955
0.007429
0.004308
0.005036
0.002937
0.003310
0.002277
0.002948
0.003281
0.002217
0.003159
0.002302
0.002069
0.003081
0.002678
0.001791
0.001601
0.002158
0.000945
0.001439
0.001264
0.000728
0.000485
0.001046
0.000370
0.001153
0.000888
0.001446
0.000319
0.000775
0.000500
0.001027
0.000542
0.001028
0.000591
0.001004
0.001135
0.001015
0.000912
0.000890
0.001051
0.000929
0.000976
0.000964
0.000957
0.000998
0.000945
0.000977
0.001011
0.000943
0.001015
0.001031
0.000901
0.000909
0.000955
0.000903
0.000898
0.001022
0.001201
0.000941
0.000967
0.000842
0.228149
0.227513
0.110407
0.112036
0.056931
0.058074
0.039093
0.039320
0.023704
0.024623
0.011862
0.011610
0.006144
0.007130
0.004246
0.005208
0.003935
0.005094
0.003455
0.004173
0.003293
0.004333
0.002902
0.003980
0.002722
0.003936
0.002546
0.003301
0.001624
0.002588
0.001067
0.001941
0.000892
0.001850
0.000722
0.001561
0.000873
0.001670
0.000464
0.001275
0.000644
0.001474
0.000755
0.001312
0.000710
0.001341
0.001045
0.001278
0.001437
0.001518
0.001454
0.001483
0.001391
0.001345
0.001510
0.001409
0.001396
0.001315
0.001417
0.001547
0.001332
0.001351
0.001694
0.001329
0.001579
0.001273
0.001378
0.001377
0.001360
0.001273
0.001383
0.001368
0.371831
0.376300
0.190611
0.189225
0.096544
0.098274
0.066266
0.065517
0.040341
0.041835
0.021764
0.020025
0.011983
0.010432
0.007188
0.008887
0.006371
0.007719
0.005721
0.007255
0.005838
0.007362
0.005483
0.007191
0.005900
0.007156
0.004726
0.006009
0.002912
0.004182
0.001749
0.003273
0.001197
0.002527
0.001136
0.002596
0.001264
0.002634
0.000841
0.002313
0.001267
0.002283
0.002463
0.001295
0.001365
0.002236
0.001579
0.002178
0.001841
0.002114
0.002556
0.002365
0.002523
0.002504
0.002558
0.002430
0.002545
0.002472
0.002505
0.002424
0.002453
0.002412
0.002577
0.002475
0.002474
0.002401
0.002470
0.002554
0.002570
0.002498
0.002830
0.002533
0.755794
0.759022
0.427079
0.437492
0.193235
0.197032
0.137462
0.142280
0.088542
0.087477
0.040002
0.040360
0.023787
0.020949
0.017267
0.014072
0.015016
0.011932
0.015209
0.011819
0.014518
0.011228
0.013797
0.010370
0.013940
0.010066
0.011894
0.008757
0.007998
0.005643
0.006555
0.004038
0.005228
0.002614
0.004945
0.002013
0.003258
0.005797
0.002091
0.004419
0.004776
0.002176
0.004316
0.002230
0.004257
0.002023
0.002474
0.004148
0.002954
0.004149
0.004724
0.003293
0.004812
0.006421
0.005067
0.004907
0.004703
0.005035
0.004629
0.004959
0.004718
0.004892
0.004893
0.004889
0.004765
0.004912
0.004812
0.004917
0.004890
0.004904
0.004697
0.005382
1.524727
1.516207
0.763114
0.760114
0.381366
0.385220
0.269635
0.264498
0.162045
0.153939
0.087371
0.079720
0.048219
0.042935
0.034320
0.029415
0.030985
0.025060
0.028811
0.023473
0.028347
0.022263
0.027423
0.021304
0.023964
0.019453
0.023843
0.018790
0.016134
0.010645
0.011981
0.007123
0.010977
0.005803
0.008979
0.004032
0.008564
0.003222
0.009159
0.003969
0.008823
0.002749
0.008239
0.003930
0.008334
0.003965
0.008094
0.004163
0.008148
0.004548
0.009326
0.004861
0.009614
0.006479
0.009527
0.009742
0.009675
0.009617
0.009661
0.009574
0.009225
0.010186
0.009548
0.009746
0.009697
0.009763
0.009343
0.009716
0.009600
0.010371
0.009478
0.010421
2.323899
2.270866
1.170493
1.163328
0.580033
0.568006
0.402768
0.394196
0.248496
0.238799
0.127437
0.121102
0.071635
0.063987
0.053352
0.043563
0.047592
0.037769
0.043735
0.035832
0.043503
0.033852
0.040347
0.032204
0.039655
0.030799
0.037075
0.027934
0.024387
0.017593
0.017698
0.009622
0.015845
0.007508
0.013834
0.005845
0.014136
0.006484
0.013108
0.005185
0.011774
0.004873
0.011762
0.005511
0.010645
0.003878
0.011876
0.005476
0.012753
0.006353
0.013897
0.006143
0.007814
0.014068
0.013724
0.011140
0.013931
0.014408
0.013863
0.014393
0.014553
0.014390
0.014093
0.014522
0.014214
0.015768
0.013891
0.014434
0.014347
0.014978
0.013912
0.014451
3.794125
3.735778
1.905847
1.892436
0.979120
0.967565
0.675672
0.658124
0.414303
0.395220
0.215056
0.200779
0.117619
0.109476
0.085842
0.071376
0.076549
0.062150
0.073940
0.058131
0.069185
0.056474
0.068653
0.054538
0.066386
0.051964
0.062503
0.046609
0.040090
0.027259
0.029193
0.015724
0.025273
0.012385
0.023125
0.010216
0.020856
0.008451
0.018953
0.007510
0.019657
0.007960
0.019324
0.009181
0.020380
0.008998
0.019265
0.008160
0.020457
0.009833
0.022707
0.009399
0.022638
0.010603
0.014430
0.025035
0.023229
0.017659
0.023559
0.024677
0.023952
0.025517
0.023008
0.024051
0.023466
0.024155
0.024341
0.024327
0.023077
0.025302
0.023375
0.024802
7.629581
7.591632
3.814794
3.788509
1.912605
1.852923
1.350961
1.305151
0.825388
0.792674
0.431974
0.401646
0.238702
0.211174
0.173924
0.141521
0.154933
0.125326
0.143362
0.115055
0.141592
0.111080
0.135822
0.106531
0.130081
0.101612
0.123062
0.093481
0.077858
0.055071
0.058598
0.030788
0.051368
0.024771
0.044764
0.019858
0.041548
0.016349
0.039179
0.014150
0.038951
0.014504
0.038310
0.016199
0.040431
0.015017
0.040246
0.015739
0.042534
0.019018
0.016300
0.044085
0.046094
0.018226
0.046126
0.021338
0.025101
0.045743
0.046720
0.031405
0.047408
0.048205
0.047954
0.047739
0.046330
0.048226
0.046894
0.048686
0.047997
0.047918
0.047291
0.049169
15.266065
15.165632
7.655786
7.606642
3.868092
3.763597
2.694578
2.652184
1.641952
1.574880
0.864175
0.804019
0.467401
0.412084
0.348816
0.288389
0.316552
0.253135
0.294508
0.234249
0.287888
0.221072
0.270606
0.211212
0.254175
0.200545
0.235723
0.183817
0.155501
0.107594
0.114857
0.063522
0.097080
0.049421
0.089067
0.038876
0.081744
0.031734
0.077969
0.028085
0.078213
0.027551
0.075642
0.032412
0.083182
0.033608
0.083430
0.030839
0.084558
0.035929
0.093480
0.031438
0.091676
0.032216
0.091615
0.035294
0.093471
0.038702
0.092359
0.045881
0.092913
0.062220
0.092415
0.097042
0.093418
0.098559
0.093754
0.098375
0.093815
0.097123
0.093168
0.098017
22.742175
22.716253
11.453689
11.431899
5.755510
5.683078
4.018147
3.933749
2.470431
2.368384
1.272901
1.186467
0.701237
0.616139
0.521115
0.419764
0.453577
0.360467
0.439988
0.343829
0.408082
0.320328
0.400078
0.311865
0.381710
0.294523
0.356898
0.267794
0.234514
0.154884
0.174553
0.100543
0.145057
0.071408
0.126219
0.055658
0.121312
0.045128
0.115702
0.039956
0.113289
0.038370
0.112446
0.042053
0.112284
0.037225
0.123812
0.045357
0.123528
0.049357
0.137624
0.045755
0.138471
0.045387
0.138784
0.048461
0.133763
0.051666
0.133568
0.057561
0.134122
0.074494
0.132494
0.107286
0.135642
0.141133
0.135149
0.142115
0.134310
0.144422
0.137177
0.141409
37.998408
37.701040
18.928517
18.820130
9.660771
9.490156
6.722891
6.553025
4.091262
3.898904
2.157744
2.004652
1.166474
1.033632
0.846386
0.700399
0.757867
0.608005
0.732938
0.575543
0.688310
0.541800
0.648624
0.509402
0.653801
0.493231
0.590193
0.446662
0.390908
0.261412
0.290670
0.165752
0.239731
0.117904
0.216795
0.093857
0.201413
0.075023
0.193157
0.064167
0.190205
0.064594
0.184882
0.076538
0.192596
0.074398
0.196822
0.065646
0.083624
0.204596
0.073225
0.227748
0.218710
0.071897
0.228092
0.075513
0.226757
0.078533
0.222975
0.085258
0.101562
0.221379
0.223166
0.134874
0.226029
0.170443
0.228183
0.233751
0.226165
0.234861
0.234537
0.228897
76.504991
75.271306
37.834021
37.793752
19.227890
19.031057
13.466209
13.054176
8.231004
7.869797
4.330327
3.996599
2.336370
2.069278
1.698498
1.393295
1.536503
1.221657
1.464792
1.140964
1.389576
1.068262
1.345342
1.025270
1.257888
0.969355
1.177219
0.895295
0.765257
0.524383
0.568766
0.319572
0.492216
0.237492
0.437141
0.184629
0.401723
0.149291
0.384655
0.129134
0.124068
0.376208
0.374407
0.125718
0.377196
0.124694
0.393577
0.132885
0.407948
0.160946
0.472909
0.148206
0.453802
0.142751
0.446935
0.143767
0.449055
0.147474
0.445264
0.153180
0.441096
0.168789
0.202052
0.436762
0.440573
0.235666
0.438206
0.306442
0.475186
0.453126
0.451199
0.470262
153.548945
152.256295
76.055056
75.451832
38.263945
37.910734
26.970186
26.132315
16.297941
15.606025
8.582699
7.923882
4.647518
4.103800
3.401833
2.768463
3.048550
2.423688
2.902191
2.299408
2.756652
2.161840
2.653385
2.055496
2.532559
1.939714
2.355669
1.785864
1.547793
1.040242
1.122219
0.642243
0.977412
0.468459
0.868669
0.369845
0.803139
0.298546
0.769599
0.259240
0.759446
0.255517
0.735023
0.296748
0.761235
0.245840
0.810142
0.278264
0.815886
0.324012
0.942722
0.294002
0.895837
0.280015
0.894990
0.280515
0.870771
0.282098
0.896006
0.289112
0.880157
0.304504
0.865083
0.336866
0.871002
0.370625
0.864156
0.433506
0.872732
0.604306
0.899561
0.939942
227.969550
227.150409
114.380702
113.496702
57.885068
56.805609
40.131432
39.254123
24.562240
23.608258
12.913889
11.899461
7.006422
6.162171
5.124149
4.177703
4.580023
3.641351
4.332171
3.425905
4.108693
3.229495
3.960346
3.070502
3.832832
2.923649
3.542633
2.686246
2.304506
1.563318
1.690186
0.976024
0.703356
1.461431
1.292558
0.553650
1.206482
0.447025
1.141642
0.383577
1.134293
0.375273
1.111561
0.388910
1.164381
0.390755
1.231286
0.440337
1.199242
0.465438
1.374764
0.431132
1.323570
0.415019
1.340921
0.418026
1.348951
0.419657
1.350562
0.425976
1.320300
0.440443
1.307223
0.473976
1.300185
0.506196
1.294086
0.573780
1.298742
0.740062
1.320672
1.072567
302.561083
304.837089
152.215529
151.302315
77.225722
75.967155
53.555448
52.283075
32.806999
31.625986
17.204502
15.920962
9.288930
8.272930
6.837826
5.567284
6.066651
4.834963
4.555189
5.744202
5.526931
4.297434
5.289882
4.098407
5.104482
3.919084
4.711569
3.591356
3.121155
2.093428
2.257804
1.293444
1.957400
0.938668
1.738971
0.734832
1.610192
0.590045
1.534588
0.510760
1.508109
0.498709
1.485674
0.550593
1.559557
0.529901
1.587152
0.521918
1.606819
0.629914
0.569484
1.821654
1.783546
0.553689
1.803009
0.554730
1.824478
0.559319
1.782866
0.563135
1.752674
0.575723
1.738211
0.618639
1.729071
0.644266
1.718252
0.707976
1.721471
0.875599
1.748910
1.204620
