0.000034
0.000006
0.000030
0.000005
0.000030
0.000005
0.000081
0.000007
0.000028
0.000005
0.000030
0.000006
0.000030
0.000005
0.000029
0.000005
0.000016
0.000005
0.000046
0.000006
0.000042
0.000005
0.000054
0.000006
0.000047
0.000008
0.000061
0.000013
0.000047
0.000004
0.000047
0.000005
0.000045
0.000016
0.000052
0.000006
0.000043
0.000005
0.000045
0.000007
0.000045
0.000006
0.000052
0.000006
0.000051
0.000009
0.000035
0.000005
0.000029
0.000006
0.000032
0.000005
0.000030
0.000005
0.000039
0.000002
0.000017
0.000006
0.000080
0.000003
0.000047
0.000007
0.000047
0.000006
0.000036
0.000003
0.000078
0.000006
0.000048
0.000006
0.000051
0.000003
0.000053
0.000007
0.000016
0.000004
0.000016
0.000007
0.000046
0.000006
0.000039
0.000019
0.000046
0.000004
0.000053
0.000006
0.000020
0.000005
0.000018
0.000008
0.000095
0.000011
0.000029
0.000006
0.000023
0.000004
0.000025
0.000005
0.000035
0.000007
0.000032
0.000006
0.000047
0.000007
0.000039
0.000003
0.000033
0.000006
0.000046
0.000006
0.000039
0.000005
0.000048
0.000006
0.000015
0.000005
0.000014
0.000003
0.000045
0.000004
0.000036
0.000004
0.000023
0.000006
0.000046
0.000004
0.000045
0.000007
0.000045
0.000005
0.000044
0.000005
0.000045
0.000004
0.000065
0.000006
0.000022
0.000004
0.000033
0.000007
0.000033
0.000006
0.000026
0.000006
0.000025
0.000005
0.000030
0.000005
0.000030
0.000007
0.000034
0.000008
0.000045
0.000005
0.000031
0.000005
0.000027
0.000005
0.000046
0.000005
0.000040
0.000007
0.000047
0.000007
0.000047
0.000006
0.000038
0.000004
0.000046
0.000004
0.000057
0.000008
0.000059
0.000005
0.000047
0.000008
0.000053
0.000007
0.000022
0.000003
0.000055
0.000006
0.000044
0.000006
0.000039
0.000007
0.000032
0.000006
0.000026
0.000008
0.000034
0.000006
0.000031
0.000006
0.000031
0.000007
0.000040
0.000003
0.000025
0.000003
0.000031
0.000006
0.000042
0.000007
0.000024
0.000005
0.000043
0.000006
0.000046
0.000005
0.000042
0.000006
0.000061
0.000007
0.000047
0.000008
0.000037
0.000003
0.000045
0.000005
0.000048
0.000004
0.000040
0.000005
0.000052
0.000006
0.000051
0.000004
0.000039
0.000006
0.000088
0.000020
0.000047
0.000013
0.000033
0.000006
0.000029
0.000007
0.000030
0.000032
0.000012
0.000004
0.000025
0.000005
0.000009
0.000004
0.000039
0.000008
0.000038
0.000007
0.000032
0.000008
0.000030
0.000005
0.000043
0.000003
0.000038
0.000005
0.000017
0.000009
0.000045
0.000006
0.000043
0.000006
0.000046
0.000005
0.000043
0.000007
0.000038
0.000004
0.000027
0.000008
0.000051
0.000006
0.000055
0.000007
0.000099
0.000024
0.000019
0.000012
0.000046
0.000008
0.000039
0.000008
0.000046
0.000008
0.000023
0.000004
0.000025
0.000005
0.000034
0.000007
0.000038
0.000003
0.000045
0.000002
0.000030
0.000006
0.000042
0.000003
0.000048
0.000005
0.000049
0.000005
0.000023
0.000006
0.000045
0.000007
0.000044
0.000005
0.000039
0.000006
0.000048
0.000005
0.000048
0.000006
0.000053
0.000007
0.000050
0.000004
0.000050
0.000003
0.000116
0.000035
0.000099
0.000023
0.000056
0.000012
0.000043
0.000008
0.000033
0.000006
0.000029
0.000004
0.000033
0.000006
0.000026
0.000006
0.000047
0.000006
0.000026
0.000003
0.000026
0.000008
0.000069
0.000008
0.000031
0.000007
0.000036
0.000005
0.000067
0.000008
0.000047
0.000008
0.000046
0.000003
0.000045
0.000006
0.000046
0.000005
0.000046
0.000006
0.000059
0.000006
0.000051
0.000007
0.000053
0.000008
0.000143
0.000035
0.000089
0.000028
0.000059
0.000015
0.000054
0.000013
0.000034
0.000012
0.000038
0.000008
0.000039
0.000008
0.000015
0.000006
0.000030
0.000009
0.000053
0.000008
0.000033
0.000005
0.000042
0.000008
0.000033
0.000007
0.000045
0.000006
0.000046
0.000006
0.000044
0.000016
0.000043
0.000007
0.000048
0.000007
0.000046
0.000009
0.000052
0.000009
0.000059
0.000009
0.000045
0.000010
0.000050
0.000008
0.000158
0.000063
0.000043
0.000026
0.000057
0.000012
0.000055
0.000012
0.000048
0.000010
0.000046
0.000008
0.000033
0.000005
0.000040
0.000009
0.000027
0.000003
0.000030
0.000019
0.000031
0.000005
0.000034
0.000010
0.000039
0.000008
0.000030
0.000007
0.000050
0.000007
0.000049
0.000008
0.000037
0.000005
0.000052
0.000008
0.000112
0.000006
0.000044
0.000007
0.000052
0.000010
0.000042
0.000010
0.000034
0.000008
0.000163
0.000045
0.000047
0.000029
0.000024
0.000014
0.000059
0.000010
0.000043
0.000010
0.000013
0.000008
0.000033
0.000007
0.000030
0.000007
0.000048
0.000008
0.000033
0.000006
0.000034
0.000008
0.000046
0.000009
0.000042
0.000008
0.000039
0.000019
0.000055
0.000009
0.000045
0.000008
0.000038
0.000009
0.000070
0.000007
0.000051
0.000008
0.000049
0.000008
0.000047
0.000008
0.000031
0.000006
0.000043
0.000007
0.000051
0.000055
0.000113
0.000033
0.000075
0.000016
0.000058
0.000017
0.000033
0.000009
0.000050
0.000015
0.000013
0.000011
0.000031
0.000010
0.000028
0.000006
0.000041
0.000009
0.000019
0.000010
0.000032
0.000007
0.000037
0.000008
0.000038
0.000009
0.000038
0.000009
0.000050
0.000008
0.000038
0.000008
0.000055
0.000008
0.000035
0.000008
0.000050
0.000007
0.000045
0.000008
0.000054
0.000007
0.000048
0.000006
0.000172
0.000050
0.000122
0.000026
0.000071
0.000018
0.000031
0.000015
0.000033
0.000008
0.000040
0.000008
0.000037
0.000009
0.000039
0.000009
0.000048
0.000009
0.000027
0.000007
0.000040
0.000009
0.000102
0.000011
0.000035
0.000009
0.000019
0.000011
0.000041
0.000009
0.000042
0.000008
0.000057
0.000008
0.000044
0.000007
0.000050
0.000008
0.000042
0.000011
0.000052
0.000008
0.000053
0.000009
0.000044
0.000007
0.000189
0.000061
0.000116
0.000031
0.000070
0.000017
0.000060
0.000016
0.000050
0.000011
0.000043
0.000008
0.000037
0.000007
0.000015
0.000013
0.000042
0.000011
0.000040
0.000009
0.000041
0.000008
0.000031
0.000007
0.000073
0.000008
0.000037
0.000008
0.000039
0.000010
0.000036
0.000007
0.000051
0.000009
0.000054
0.000008
0.000049
0.000008
0.000045
0.000007
0.000047
0.000008
0.000023
0.000009
0.000047
0.000008
0.000255
0.000070
0.000158
0.000038
0.000097
0.000027
0.000071
0.000023
0.000017
0.000010
0.000036
0.000008
0.000038
0.000007
0.000036
0.000007
0.000025
0.000010
0.000051
0.000010
0.000031
0.000008
0.000037
0.000008
0.000043
0.000009
0.000016
0.000013
0.000062
0.000010
0.000028
0.000008
0.000037
0.000011
0.000041
0.000011
0.000036
0.000009
0.000048
0.000008
0.000049
0.000010
0.000013
0.000010
0.000046
0.000009
0.000302
0.000086
0.000163
0.000044
0.000096
0.000026
0.000076
0.000021
0.000055
0.000015
0.000047
0.000012
0.000039
0.000008
0.000043
0.000011
0.000038
0.000010
0.000048
0.000010
0.000032
0.000009
0.000036
0.000007
0.000036
0.000016
0.000039
0.000010
0.000042
0.000012
0.000041
0.000009
0.000045
0.000012
0.000038
0.000007
0.000046
0.000009
0.000043
0.000010
0.000037
0.000010
0.000037
0.000012
0.000045
0.000012
0.000314
0.000078
0.000196
0.000058
0.000131
0.000030
0.000112
0.000023
0.000074
0.000015
0.000061
0.000012
0.000043
0.000007
0.000046
0.000009
0.000047
0.000006
0.000046
0.000009
0.000049
0.000009
0.000044
0.000008
0.000020
0.000012
0.000041
0.000010
0.000055
0.000011
0.000052
0.000010
0.000069
0.000009
0.000083
0.000016
0.000050
0.000009
0.000058
0.000011
0.000059
0.000014
0.000061
0.000012
0.000055
0.000012
0.000344
0.000095
0.000203
0.000050
0.000173
0.000031
0.000132
0.000026
0.000075
0.000014
0.000052
0.000011
0.000022
0.000010
0.000058
0.000009
0.000053
0.000011
0.000051
0.000009
0.000054
0.000008
0.000057
0.000009
0.000056
0.000011
0.000065
0.000016
0.000050
0.000010
0.000050
0.000010
0.000049
0.000012
0.000059
0.000012
0.000057
0.000011
0.000051
0.000012
0.000067
0.000012
0.000058
0.000012
0.000064
0.000014
0.000158
0.000096
0.000066
0.000071
0.000052
0.000038
0.000103
0.000032
0.000096
0.000019
0.000059
0.000011
0.000051
0.000007
0.000019
0.000012
0.000091
0.000009
0.000064
0.000009
0.000049
0.000007
0.000026
0.000011
0.000053
0.000011
0.000050
0.000013
0.000050
0.000007
0.000046
0.000013
0.000095
0.000011
0.000055
0.000012
0.000044
0.000011
0.000049
0.000013
0.000059
0.000014
0.000058
0.000013
0.000061
0.000012
0.001103
0.000402
0.000419
0.000231
0.000080
0.000067
0.000181
0.000131
0.000141
0.000069
0.000138
0.000124
0.000091
0.000074
0.000089
0.000088
0.000087
0.000050
0.000087
0.000093
0.000075
0.000033
0.000072
0.000056
0.000064
0.000040
0.000101
0.000112
0.000079
0.000075
0.000078
0.000064
0.000063
0.000031
0.000076
0.000034
0.000085
0.000042
0.000074
0.000064
0.000083
0.000031
0.000027
0.000024
0.000050
0.000024
0.001226
0.000831
0.000798
0.000470
0.000366
0.000218
0.000294
0.000221
0.000207
0.000144
0.000151
0.000095
0.000115
0.000060
0.000120
0.000072
0.000106
0.000048
0.000102
0.000075
0.000145
0.000056
0.000113
0.000063
0.000106
0.000079
0.000117
0.000053
0.000125
0.000060
0.000148
0.000077
0.000119
0.000052
0.000148
0.000042
0.000108
0.000047
0.000109
0.000046
0.000141
0.000121
0.000102
0.000054
0.000095
0.000043
0.002030
0.001609
0.001153
0.000932
0.000740
0.000583
0.000534
0.000670
0.000328
0.000258
0.000390
0.000234
0.000059
0.000052
0.000200
0.000114
0.000161
0.000088
0.000136
0.000095
0.000163
0.000086
0.000173
0.000100
0.000060
0.000034
0.000060
0.000036
0.000106
0.000120
0.000214
0.000143
0.000128
0.000074
0.000156
0.000075
0.000150
0.000078
0.000152
0.000072
0.000134
0.000066
0.000178
0.000095
0.000145
0.000097
0.003580
0.003447
0.002584
0.002339
0.001582
0.001250
0.000907
0.000762
0.000631
0.000481
0.000442
0.000323
0.000376
0.000265
0.000313
0.000217
0.000345
0.000228
0.000298
0.000222
0.000286
0.000173
0.000327
0.000240
0.000301
0.000200
0.000291
0.000176
0.000132
0.000120
0.000240
0.000151
0.000254
0.000216
0.000251
0.000165
0.000262
0.000173
0.000255
0.000158
0.000192
0.000114
0.000287
0.000180
0.000307
0.000235
0.006320
0.006211
0.001474
0.001551
0.000777
0.000715
0.001640
0.001447
0.000522
0.000433
0.000844
0.000677
0.000663
0.000498
0.000670
0.000474
0.000579
0.000416
0.000531
0.000369
0.000601
0.000428
0.000668
0.000505
0.000537
0.000386
0.000528
0.000346
0.000561
0.000341
0.000491
0.000320
0.000558
0.000314
0.000522
0.000343
0.000520
0.000367
0.000476
0.000314
0.000462
0.000309
0.000496
0.000338
0.000479
0.000312
0.012423
0.011766
0.002026
0.001939
0.001243
0.001155
0.001313
0.001177
0.001977
0.001671
0.001340
0.001058
0.000781
0.000597
0.000952
0.000642
0.000690
0.000487
0.000739
0.000536
0.000852
0.000611
0.000914
0.000667
0.000858
0.000623
0.000816
0.000553
0.000717
0.000464
0.000619
0.000385
0.000752
0.000529
0.000712
0.000486
0.000781
0.000503
0.000697
0.000487
0.000700
0.000464
0.000263
0.000204
0.000734
0.000487
0.009898
0.009695
0.007033
0.007534
0.006516
0.005933
0.004756
0.004180
0.002845
0.002493
0.002059
0.001688
0.001738
0.001295
0.001426
0.001056
0.001442
0.001009
0.001352
0.000984
0.001750
0.001265
0.001498
0.001076
0.001314
0.000939
0.001274
0.000902
0.001280
0.000831
0.001290
0.000869
0.001236
0.000800
0.001118
0.000733
0.000698
0.000402
0.001184
0.000822
0.001138
0.000759
0.001183
0.000828
0.001149
0.000834
0.040850
0.042022
0.021892
0.023403
0.012907
0.011867
0.009473
0.008406
0.005724
0.006662
0.003662
0.004356
0.002189
0.002760
0.002055
0.002737
0.001947
0.002682
0.002066
0.002745
0.001977
0.002676
0.002213
0.003045
0.001953
0.002713
0.002444
0.001716
0.001028
0.001539
0.001522
0.002326
0.002615
0.001635
0.001495
0.002185
0.002596
0.001523
0.001407
0.002580
0.001494
0.002141
0.002193
0.001558
0.001569
0.002248
0.049959
0.050848
0.035313
0.036795
0.023643
0.025611
0.017131
0.018878
0.011444
0.013016
0.008056
0.006616
0.004490
0.005626
0.002734
0.003565
0.003919
0.005314
0.004004
0.005444
0.004096
0.005797
0.003619
0.004867
0.004523
0.006274
0.001141
0.001572
0.004607
0.003048
0.002940
0.004356
0.002968
0.004284
0.002902
0.004222
0.003031
0.004342
0.002880
0.004275
0.002989
0.004380
0.003229
0.005020
0.003092
0.004254
0.040198
0.040744
0.022448
0.023189
0.035542
0.038233
0.012097
0.013351
0.016781
0.019055
0.010118
0.012063
0.002463
0.003061
0.009494
0.006627
0.003398
0.002539
0.006524
0.009388
0.002626
0.001949
0.009702
0.007092
0.005448
0.007496
0.004581
0.006454
0.004396
0.006645
0.004380
0.006473
0.004456
0.006985
0.004382
0.006401
0.004375
0.006464
0.004318
0.006308
0.002666
0.004286
0.003692
0.005298
0.004855
0.006930
0.085389
0.086807
0.060739
0.063070
0.021023
0.022695
0.043732
0.048075
0.028074
0.032043
0.017516
0.021275
0.010964
0.013662
0.004709
0.003642
0.009239
0.012363
0.004364
0.005752
0.004804
0.006510
0.005677
0.007574
0.009274
0.012449
0.009754
0.014316
0.004747
0.006919
0.007763
0.011986
0.005660
0.008158
0.012287
0.007990
0.007766
0.011412
0.006867
0.010335
0.007412
0.010794
0.008452
0.012668
0.007961
0.012263
0.136007
0.138891
0.103308
0.106262
0.067106
0.062292
0.065132
0.059272
0.023147
0.020625
0.034843
0.029305
0.012035
0.009977
0.011450
0.008844
0.018428
0.024395
0.025713
0.019142
0.025697
0.019014
0.028189
0.020699
0.028577
0.020795
0.017475
0.024450
0.021632
0.014426
0.010582
0.007270
0.014636
0.021285
0.023165
0.016064
0.021013
0.014613
0.010159
0.007289
0.020492
0.014418
0.022898
0.016156
0.023148
0.016041
0.261732
0.258012
0.203341
0.211179
0.127151
0.137498
0.050749
0.056948
0.065053
0.057618
0.055068
0.046298
0.044429
0.034475
0.045122
0.033885
0.030468
0.022883
0.042017
0.031328
0.046287
0.034301
0.050508
0.036808
0.043533
0.031960
0.039903
0.028313
0.017406
0.011599
0.037549
0.025456
0.018255
0.012361
0.016309
0.010644
0.017263
0.011953
0.040193
0.025935
0.040104
0.025431
0.028710
0.020549
0.017870
0.011906
0.365237
0.358792
0.186699
0.179459
0.132129
0.122945
0.082557
0.075607
0.081910
0.072450
0.061905
0.052707
0.052102
0.042585
0.035690
0.027002
0.051337
0.038964
0.046263
0.034753
0.061995
0.046034
0.025285
0.019097
0.051104
0.036913
0.025287
0.018673
0.042297
0.027163
0.021991
0.014972
0.068276
0.046240
0.043439
0.029676
0.023814
0.016918
0.020899
0.033597
0.028757
0.043890
0.051804
0.034646
0.047713
0.033115
0.596358
0.587468
0.344107
0.329633
0.233953
0.214408
0.147268
0.135189
0.127367
0.113102
0.124007
0.102755
0.119183
0.096230
0.072418
0.055356
0.117580
0.088021
0.071385
0.052674
0.072306
0.052795
0.067490
0.050346
0.040209
0.030372
0.061486
0.044843
0.070241
0.046440
0.066241
0.043934
0.064840
0.042893
0.058858
0.041525
0.059293
0.041560
0.061853
0.042815
0.063774
0.040962
0.060174
0.043247
0.058114
0.041465
1.186001
1.165884
0.683279
0.652528
0.416611
0.387175
0.319319
0.288040
0.181631
0.160871
0.146662
0.123400
0.120141
0.098942
0.119388
0.090573
0.095485
0.072795
0.116853
0.086967
0.143441
0.106011
0.110468
0.082313
0.117487
0.086673
0.100885
0.074247
0.091260
0.062796
0.091314
0.063885
0.071027
0.048307
0.091002
0.062764
0.095860
0.068182
0.066006
0.048727
0.088936
0.064565
0.092929
0.062483
0.094575
0.068601
2.286292
2.247817
1.251732
1.210763
0.720267
0.671827
0.547354
0.500358
0.381045
0.339586
0.278247
0.236110
0.193781
0.158890
0.182690
0.140741
0.180765
0.137435
0.173336
0.132274
0.199927
0.149477
0.172067
0.131285
0.170555
0.128140
0.166195
0.122565
0.162647
0.107110
0.142527
0.097131
0.154666
0.108672
0.167216
0.111330
0.153908
0.109209
0.147366
0.107512
0.165135
0.110647
0.160155
0.113116
0.154320
0.115231
3.390534
3.335179
1.870460
1.803373
1.060548
0.990542
0.814178
0.748167
0.544064
0.481658
0.355847
0.303708
0.257649
0.213737
0.272944
0.208345
0.268178
0.203028
0.270301
0.203401
0.222281
0.170437
0.256690
0.193356
0.270311
0.197235
0.237976
0.173654
0.216557
0.148753
0.218146
0.152825
0.223655
0.156186
0.206023
0.150398
0.209466
0.152438
0.238213
0.158682
0.213597
0.152533
0.194625
0.144517
0.224954
0.164652
5.638432
5.532714
3.164134
3.029452
1.765134
1.650738
1.264510
1.162568
0.917093
0.811509
0.579536
0.492493
0.426706
0.351322
0.407253
0.314391
0.429023
0.325084
0.411498
0.315343
0.375803
0.287756
0.406587
0.307781
0.407867
0.302379
0.364566
0.268727
0.328514
0.232044
0.336399
0.239476
0.338518
0.242751
0.326220
0.238063
0.339339
0.242765
0.367969
0.246551
0.324852
0.236511
0.351611
0.249498
0.344901
0.256476
11.242385
11.053433
6.258136
6.002708
3.513415
3.263095
2.551901
2.328524
1.737855
1.544352
1.094495
0.936486
0.760995
0.632019
0.785909
0.608107
0.753284
0.574401
0.761266
0.576903
0.734113
0.559450
0.786782
0.595501
0.733854
0.551937
0.701670
0.518063
0.631293
0.448739
0.658806
0.456674
0.646315
0.457589
0.664262
0.461760
0.684716
0.473898
0.640545
0.469483
0.648844
0.469363
0.651051
0.476770
0.633098
0.479894
22.428050
22.077893
12.499736
11.992276
6.913878
6.449795
5.022442
4.604879
3.460446
3.076220
2.173953
1.863736
1.513159
1.261968
1.599254
1.226907
1.442133
1.113671
1.454811
1.106694
1.396540
1.063256
1.492759
1.135708
1.520301
1.130298
1.453998
1.059414
1.334891
0.918850
1.418236
0.970723
1.225007
0.891765
1.227591
0.876646
1.239416
0.898731
1.250881
0.902110
1.269804
0.899704
1.336486
0.954145
1.261336
0.942397
33.965768
33.347182
18.561323
17.839926
9.731766
10.460488
7.481495
6.908261
4.653084
5.260147
3.464418
2.958042
2.507112
2.056190
2.325394
1.793739
2.333368
1.772705
2.227550
1.693672
2.108383
1.605664
1.713904
2.269618
2.175359
1.632256
2.088505
1.531662
1.871581
1.294825
1.896008
1.355982
1.807010
1.314073
1.909310
1.344581
1.863073
1.320280
1.825482
1.319721
1.820014
1.323960
1.869550
1.365818
1.922009
1.427695
44.496036
43.778981
25.177142
24.072459
13.898622
12.938928
10.520560
9.614728
6.959121
6.161045
4.363376
3.739828
2.968493
2.476490
3.178833
2.441185
2.796519
2.161040
2.866598
2.188738
2.951196
2.230958
3.089535
2.333219
2.863012
2.146803
2.802945
2.047134
2.519948
1.740687
2.407704
1.726282
2.520306
1.752207
2.459413
1.748398
2.397585
1.744667
2.485587
1.772067
2.530181
1.791066
2.577054
1.845744
2.626675
1.937015
