0.000043
0.000010
0.000011
0.000036
0.000042
0.000010
0.000038
0.000010
0.000051
0.000017
0.000041
0.000010
0.000043
0.000010
0.000042
0.000010
0.000042
0.000013
0.000041
0.000010
0.000043
0.000010
0.000037
0.000010
0.000042
0.000010
0.000010
0.000041
0.000036
0.000010
0.000040
0.000010
0.000038
0.000010
0.000038
0.000010
0.000041
0.000010
0.000038
0.000010
0.000043
0.000012
0.000014
0.000309
0.000084
0.000206
0.000065
0.000013
0.000015
0.000301
0.000013
0.000230
0.000044
0.000010
0.000043
0.000011
0.000037
0.000010
0.000039
0.000010
0.000045
0.000010
0.000058
0.000012
0.000017
0.000066
0.000071
0.000012
0.000048
0.000011
0.000070
0.000012
0.000016
0.000316
0.000021
0.000958
0.000044
0.000011
0.000083
0.000388
0.000013
0.000411
0.000068
0.000011
0.000040
0.000011
0.000040
0.000011
0.000626
0.000013
0.000037
0.000010
0.000048
0.000013
0.000040
0.000011
0.000044
0.000010
0.000167
0.000012
0.000040
0.000010
0.000038
0.000010
0.000034
0.000010
0.000043
0.000010
0.000040
0.000010
0.000174
0.000012
0.000041
0.000011
0.000063
0.000030
0.000039
0.000010
0.000062
0.000011
0.000037
0.000010
0.000038
0.000010
0.000040
0.000010
0.000038
0.000010
0.000037
0.000010
0.000039
0.000010
0.000018
0.000312
0.000630
0.000013
0.000038
0.000010
0.000040
0.000010
0.000043
0.000010
0.000041
0.000011
0.000084
0.000014
0.000043
0.000010
0.000040
0.000010
0.000038
0.000013
0.000040
0.000011
0.000040
0.000011
0.000034
0.000011
0.000039
0.000011
0.000054
0.000015
0.000041
0.000010
0.000041
0.000011
0.000041
0.000010
0.000038
0.000011
0.000045
0.000012
0.000038
0.000011
0.000044
0.000013
0.000046
0.000016
0.000040
0.000011
0.000036
0.000010
0.000037
0.000010
0.000039
0.000010
0.000043
0.000010
0.000036
0.000010
0.000045
0.000011
0.000039
0.000010
0.000041
0.000010
0.000034
0.000010
0.000043
0.000010
0.000041
0.000010
0.000040
0.000010
0.000042
0.000010
0.000037
0.000010
0.000040
0.000010
0.000040
0.000010
0.000037
0.000010
0.000043
0.000010
0.000061
0.000022
0.000040
0.000010
0.000038
0.000010
0.000039
0.000010
0.000043
0.000013
0.000040
0.000010
0.000300
0.000011
0.000048
0.000010
0.000062
0.000011
0.000042
0.000010
0.000041
0.000011
0.000037
0.000011
0.000045
0.000011
0.000039
0.000011
0.000045
0.000011
0.003300
0.000021
0.003294
0.000020
0.000083
0.000051
0.000083
0.000054
0.000080
0.000054
0.000105
0.000051
0.000045
0.000014
0.000040
0.000011
0.000042
0.000014
0.000057
0.000026
0.000046
0.000016
0.000041
0.000011
0.000041
0.000011
0.000040
0.000011
0.000037
0.000010
0.000040
0.000011
0.000044
0.000010
0.000038
0.000010
0.000043
0.000011
0.000041
0.000011
0.000043
0.000011
0.000042
0.000011
0.000048
0.000012
0.000041
0.000011
0.000041
0.000011
0.000043
0.000010
0.000010
0.000080
0.000041
0.000011
0.000098
0.000012
0.000044
0.000012
0.000072
0.000011
0.000085
0.000012
0.000042
0.000013
0.000069
0.000011
0.000046
0.000013
0.000011
0.000081
0.000046
0.000012
0.000045
0.000012
0.000044
0.000011
0.000087
0.000014
0.000082
0.000013
0.000044
0.000013
0.000012
0.000069
0.000011
0.000072
0.000066
0.000012
0.000013
0.000156
0.000049
0.000012
0.000076
0.000016
0.000045
0.000012
0.000066
0.000012
0.000073
0.000012
0.000044
0.000012
0.000045
0.000012
0.000103
0.000075
0.000074
0.000028
0.000078
0.000018
0.000049
0.000012
0.000041
0.000011
0.000045
0.000011
0.000049
0.000013
0.000065
0.000011
0.000268
0.000015
0.000130
0.000091
0.000055
0.000012
0.000011
0.000045
0.000012
0.000075
0.000045
0.000012
0.000055
0.000013
0.000057
0.000014
0.000049
0.000013
0.000036
0.000012
0.000046
0.000011
0.000038
0.000011
0.000069
0.000012
0.000071
0.000012
0.000059
0.000015
0.000117
0.000016
0.000044
0.000012
0.000044
0.000011
0.000485
0.000016
0.000077
0.000017
0.000068
0.000012
0.000037
0.000011
0.000043
0.000011
0.000046
0.000012
0.000106
0.000015
0.000042
0.000012
0.000045
0.000011
0.000043
0.000012
0.000048
0.000014
0.000044
0.000012
0.000060
0.000012
0.000045
0.000012
0.000045
0.000012
0.000043
0.000012
0.000013
0.000106
0.000079
0.000013
0.000079
0.000045
0.000107
0.000038
0.000083
0.000040
0.000074
0.000016
0.000050
0.000013
0.000066
0.000017
0.000119
0.000012
0.000044
0.000013
0.000043
0.000011
0.000047
0.000012
0.000046
0.000011
0.000091
0.000012
0.000043
0.000011
0.000044
0.000012
0.000042
0.000011
0.000041
0.000011
0.000062
0.000015
0.000044
0.000012
0.000076
0.000012
0.000011
0.000046
0.000042
0.000011
0.000045
0.000011
0.000046
0.000012
0.000082
0.000013
0.000074
0.000013
0.000041
0.000011
0.000047
0.000011
0.000043
0.000012
0.000042
0.000011
0.000046
0.000012
0.000074
0.000014
0.000079
0.000013
0.000058
0.000015
0.000048
0.000012
0.000042
0.000012
0.000069
0.000012
0.000060
0.000015
0.000084
0.000015
0.000012
0.000075
0.000046
0.000012
0.000046
0.000012
0.000045
0.000012
0.000044
0.000012
0.000013
0.000073
0.000093
0.000035
0.000058
0.000026
0.000074
0.000019
0.000060
0.000028
0.000051
0.000017
0.000013
0.000088
0.000065
0.000011
0.000069
0.000012
0.000038
0.000011
0.000041
0.000011
0.000086
0.000011
0.000040
0.000011
0.000071
0.000012
0.000037
0.000011
0.000059
0.000015
0.000072
0.000012
0.000037
0.000011
0.000053
0.000011
0.000039
0.000011
0.000071
0.000011
0.000041
0.000011
0.000045
0.000012
0.000041
0.000011
0.000068
0.000012
0.000039
0.000011
0.000115
0.000012
0.000045
0.000012
0.000011
0.000043
0.000011
0.000052
0.000039
0.000012
0.000042
0.000012
0.000047
0.000013
0.000044
0.000012
0.000073
0.000012
0.000014
0.000105
0.000080
0.000013
0.000047
0.000017
0.000076
0.000015
0.000012
0.000107
0.000044
0.000012
0.000168
0.000012
0.000067
0.000012
0.000066
0.000012
0.000071
0.000014
0.000074
0.000044
0.000057
0.000028
0.000074
0.000022
0.000110
0.000041
0.000048
0.000017
0.000053
0.000020
0.000068
0.000013
0.000045
0.000013
0.000042
0.000011
0.000012
0.000069
0.000083
0.000013
0.000041
0.000012
0.000041
0.000012
0.000044
0.000012
0.000319
0.000014
0.000044
0.000013
0.000039
0.000011
0.000011
0.000095
0.000043
0.000011
0.000043
0.000011
0.000039
0.000011
0.000043
0.000012
0.000043
0.000011
0.000082
0.000011
0.000011
0.000070
0.000021
0.015632
0.003331
0.000020
0.000019
0.000067
0.000013
0.000561
0.000049
0.000016
0.000042
0.000011
0.000056
0.000016
0.000056
0.000015
0.000038
0.000012
0.000043
0.000011
0.000039
0.000011
0.000043
0.000011
0.000037
0.000012
0.000039
0.000012
0.000097
0.000013
0.000074
0.000013
0.000074
0.000013
0.000088
0.000014
0.000039
0.000012
0.000074
0.000048
0.000143
0.000111
0.000047
0.000023
0.000070
0.000041
0.000069
0.000017
0.000068
0.000016
0.000046
0.000012
0.000050
0.000014
0.000046
0.000013
0.000047
0.000011
0.000045
0.000013
0.000071
0.000011
0.000046
0.000012
0.000012
0.000075
0.000111
0.000013
0.000041
0.000012
0.000073
0.000011
0.000070
0.000013
0.000040
0.000011
0.000017
0.000053
0.000019
0.003799
0.000014
0.000182
0.000015
0.000063
0.000016
0.000008
0.000039
0.000011
0.000040
0.000010
0.000040
0.000010
0.000040
0.000010
0.000047
0.000015
0.000044
0.000011
0.000042
0.000013
0.000014
0.000250
0.000046
0.000015
0.000049
0.000012
0.000090
0.000013
0.000041
0.000011
0.000036
0.000012
0.000034
0.000014
0.000556
0.000017
0.000016
0.000407
0.001328
0.000018
0.000012
0.000111
0.000013
0.000120
0.000045
0.000012
0.000108
0.000083
0.000071
0.000039
0.000049
0.000024
0.000057
0.000031
0.000660
0.000510
0.000048
0.000020
0.000039
0.000011
0.000059
0.000016
0.000050
0.000013
0.000039
0.000010
0.000038
0.000010
0.000045
0.000011
0.000040
0.000011
0.000452
0.000012
0.000041
0.000011
0.000041
0.000010
0.000042
0.000012
0.000044
0.000012
0.000041
0.000011
0.000049
0.000014
0.000066
0.000010
0.000041
0.000010
0.000037
0.000010
0.000046
0.000011
0.000042
0.000010
0.000037
0.000011
0.000040
0.000011
0.000061
0.000033
0.000039
0.000011
0.000011
0.000041
0.000034
0.000100
0.000044
0.000012
0.000049
0.000012
0.000037
0.000011
0.000091
0.000012
0.000077
0.000013
0.000042
0.000012
0.000099
0.000012
0.000040
0.000012
0.000085
0.000013
0.000039
0.000012
0.000073
0.000015
0.000012
0.000073
0.000047
0.000012
0.000261
0.000233
0.000091
0.000033
0.000137
0.000066
0.000073
0.000044
0.000045
0.000018
0.000045
0.000016
0.000043
0.000012
0.000072
0.000012
0.000069
0.000012
0.000041
0.000012
0.000045
0.000012
0.000075
0.000011
0.000085
0.000013
0.000044
0.000011
0.000040
0.000011
0.000047
0.000011
0.000349
0.000012
0.000045
0.000012
0.000077
0.000012
0.000072
0.000012
0.000039
0.000012
0.000056
0.000015
0.000013
0.000105
0.000081
0.000013
0.000064
0.000011
0.000071
0.000013
0.000053
0.000014
0.000060
0.000011
0.000034
0.000011
0.000071
0.000012
0.000043
0.000011
0.000038
0.000012
0.000043
0.000012
0.000082
0.000013
0.000043
0.000012
0.000011
0.000070
0.000072
0.000013
0.000045
0.000014
0.000044
0.000012
0.000039
0.000012
0.000040
0.000012
0.000082
0.000014
0.000041
0.000012
0.000072
0.000012
0.000281
0.000249
0.000140
0.000111
0.000060
0.000024
0.000053
0.000022
0.000048
0.000018
0.000057
0.000024
0.000050
0.000019
0.000109
0.000014
0.000044
0.000012
0.000043
0.000012
0.000041
0.000012
0.000087
0.000016
0.000049
0.000013
0.000043
0.000013
0.000012
0.000069
0.000041
0.000013
0.000045
0.000014
0.000045
0.000012
0.000076
0.000015
0.000041
0.000012
0.000068
0.000013
0.000012
0.000069
0.000081
0.000014
0.000043
0.000012
0.000077
0.000018
0.000073
0.000013
0.000085
0.000016
0.000039
0.000013
0.000042
0.000012
0.000019
0.003118
0.000019
0.003601
0.000832
0.000019
0.000014
0.000453
0.000042
0.000013
0.000035
0.000012
0.000058
0.000017
0.000066
0.000013
0.000041
0.000012
0.000038
0.000012
0.000051
0.000012
0.000040
0.000012
0.000048
0.000014
0.000079
0.000015
0.000042
0.000013
0.000115
0.000060
0.000090
0.000036
0.000052
0.000024
0.000049
0.000021
0.000436
0.000407
0.000097
0.000027
0.000050
0.000021
0.000076
0.000012
0.000083
0.000013
0.000100
0.000013
0.000043
0.000012
0.000077
0.000013
0.000079
0.000013
0.000055
0.000026
0.001268
0.000012
0.000013
0.000047
0.000008
0.000018
0.000050
0.000013
0.000014
0.000087
0.000066
0.000013
0.000084
0.000012
0.000073
0.000013
0.000043
0.000012
0.000048
0.000014
0.000074
0.000014
0.000073
0.000013
0.000089
0.000014
0.000042
0.000012
0.000077
0.000015
0.000012
0.000095
0.000044
0.000013
0.000069
0.000015
0.000048
0.000014
0.000048
0.000016
0.000043
0.000013
0.000077
0.000014
0.000012
0.000069
0.000014
0.000105
0.000073
0.000014
0.000033
0.000013
0.000045
0.000014
0.000042
0.000014
0.000013
0.000082
0.000075
0.000014
0.000094
0.000065
0.000209
0.000176
0.000054
0.000026
0.000099
0.000069
0.000266
0.000352
0.000058
0.000024
0.000049
0.000016
0.000046
0.000012
0.000083
0.000013
0.000045
0.000012
0.000045
0.000012
0.000093
0.000014
0.000046
0.000013
0.000043
0.000013
0.000042
0.000013
0.000075
0.000012
0.000086
0.000014
0.000049
0.000014
0.000056
0.000013
0.000087
0.000016
0.000071
0.000013
0.000045
0.000013
0.000040
0.000013
0.000084
0.000014
0.000043
0.000013
0.000073
0.000013
0.000047
0.000013
0.000042
0.000013
0.000070
0.000013
0.000072
0.000014
0.000049
0.000013
0.000046
0.000014
0.000070
0.000014
0.000044
0.000014
0.000066
0.000013
0.000042
0.000014
0.000039
0.000014
0.001007
0.000016
0.000072
0.000014
0.000045
0.000015
0.000086
0.000014
0.000069
0.000014
0.000084
0.000015
0.000088
0.000015
0.000479
0.000450
0.000234
0.000205
0.000186
0.000156
0.000140
0.000110
0.000064
0.000040
0.000100
0.000041
0.000046
0.000017
0.000070
0.000015
0.000069
0.000015
0.000045
0.000015
0.000089
0.000024
0.000049
0.000020
0.000045
0.000019
0.000046
0.000015
0.000070
0.000015
0.000045
0.000016
0.000087
0.000017
0.000043
0.000015
0.000044
0.000015
0.000068
0.000016
0.000048
0.000017
0.000049
0.000017
0.000045
0.000017
0.000045
0.000016
0.000016
0.000106
0.000041
0.000016
0.000076
0.000016
0.000046
0.000017
0.000048
0.000017
0.000051
0.000018
0.000043
0.000016
0.000055
0.000021
0.000045
0.000017
0.000045
0.000016
0.000045
0.000016
0.000018
0.000082
0.000045
0.000016
0.000015
0.000077
0.000045
0.000016
0.000041
0.000017
0.000049
0.000019
0.000044
0.000018
0.000016
0.000072
0.000082
0.000018
0.001184
0.001157
0.000415
0.000390
0.000236
0.000212
0.000206
0.000182
0.000069
0.000078
0.000073
0.000050
0.000069
0.000026
0.000058
0.000031
0.000047
0.000024
0.000080
0.000023
0.000052
0.000025
0.000057
0.000031
0.000051
0.000025
0.000047
0.000021
0.000049
0.000022
0.000045
0.000020
0.000072
0.000021
0.000058
0.000027
0.000056
0.000024
0.000061
0.000025
0.000046
0.000021
0.000085
0.000055
0.000043
0.000020
0.000058
0.000029
0.000051
0.000022
0.000177
0.000021
0.000044
0.000022
0.000049
0.000022
0.000047
0.000023
0.000050
0.000022
0.000048
0.000021
0.000069
0.000024
0.000050
0.000022
0.000047
0.000022
0.000049
0.000023
0.000048
0.000022
0.000071
0.000022
0.000089
0.000026
0.000054
0.000024
0.000076
0.000023
0.000049
0.000022
0.000050
0.000024
0.000049
0.000023
0.000045
0.000022
0.001552
0.001524
0.000600
0.000577
0.000286
0.000268
0.000253
0.000231
0.000176
0.000154
0.000106
0.000083
0.000072
0.000051
0.000180
0.000158
0.000135
0.000111
0.000050
0.000030
0.000050
0.000029
0.000051
0.000032
0.000049
0.000031
0.000067
0.000028
0.000048
0.000027
0.000082
0.000027
0.000048
0.000028
0.000043
0.000027
0.001011
0.001140
0.003120
0.000638
0.003728
0.000052
0.000065
0.000034
0.000065
0.000035
0.000047
0.000031
0.000100
0.000040
0.000065
0.000039
0.000054
0.000033
0.000053
0.000033
0.000051
0.000030
0.000052
0.000033
0.000063
0.000041
0.000052
0.000034
0.000046
0.000031
0.000079
0.000030
0.000052
0.000031
0.000053
0.000031
0.000031
0.000077
0.000052
0.000030
0.000056
0.000032
0.000058
0.000033
0.000050
0.000032
0.000088
0.000031
0.000030
0.000081
0.000080
0.000033
0.002673
0.002661
0.000847
0.000832
0.000449
0.000440
0.000440
0.000425
0.000259
0.000239
0.000164
0.000148
0.000136
0.000091
0.000106
0.000063
0.000070
0.000054
0.000059
0.000043
0.000088
0.000046
0.000104
0.000046
0.000060
0.000047
0.000085
0.000043
0.000098
0.000056
0.000056
0.000040
0.000078
0.000040
0.000085
0.000040
0.000080
0.000039
0.000090
0.000044
0.000062
0.000048
0.000085
0.000042
0.000336
0.000291
0.000145
0.000107
0.000097
0.000040
0.000055
0.000044
0.000090
0.000042
0.000102
0.000043
0.000099
0.000044
0.000061
0.000043
0.000088
0.000042
0.000086
0.000043
0.000060
0.000045
0.000060
0.000044
0.000103
0.000045
0.000099
0.000045
0.000061
0.000044
0.000060
0.000043
0.000045
0.000108
0.000053
0.000044
0.000060
0.000047
0.000044
0.000088
0.000061
0.000045
0.000060
0.000046
0.005172
0.005172
0.001884
0.001890
0.001028
0.001033
0.000743
0.000751
0.000558
0.000559
0.000396
0.000371
0.000205
0.000181
0.000155
0.000144
0.000114
0.000098
0.000094
0.000094
0.000395
0.000387
0.000078
0.000082
0.000078
0.000079
0.000073
0.000074
0.000076
0.000079
0.000078
0.000080
0.000071
0.000076
0.000074
0.000073
0.000103
0.000076
0.000101
0.000074
0.000072
0.000077
0.000066
0.000080
0.000071
0.000075
0.000068
0.000074
0.000093
0.000066
0.000072
0.000070
0.000083
0.000084
0.000087
0.000096
0.000085
0.000094
0.000111
0.000083
0.000089
0.000099
0.000079
0.000132
0.000082
0.000100
0.000090
0.000079
0.000096
0.000103
0.000084
0.000092
0.000086
0.000089
0.000081
0.000088
0.000105
0.000081
0.000108
0.000084
0.000111
0.000082
0.000105
0.000082
0.000084
0.000086
0.000087
0.000090
0.006514
0.006530
0.002947
0.002993
0.001968
0.002004
0.001447
0.001459
0.001015
0.001029
0.000609
0.000611
0.000830
0.000359
0.000236
0.000276
0.000167
0.000191
0.000192
0.000228
0.000147
0.000187
0.000168
0.000204
0.000141
0.000151
0.001009
0.000965
0.000170
0.000185
0.000149
0.000189
0.000132
0.000143
0.000160
0.000182
0.000340
0.000386
0.000255
0.000232
0.000139
0.000178
0.000133
0.000171
0.000193
0.000227
0.000114
0.000178
0.000153
0.000117
0.000090
0.000127
0.000123
0.000130
0.000125
0.000166
0.000157
0.000164
0.000143
0.002082
0.000142
0.000149
0.000126
0.000158
0.000179
0.000149
0.000146
0.000156
0.000151
0.000159
0.000160
0.000160
0.000136
0.000169
0.000132
0.000175
0.000129
0.000165
0.000144
0.000157
0.000120
0.000155
0.000129
0.000172
0.000164
0.000191
0.000163
0.000177
0.016332
0.016408
0.004552
0.004598
0.002673
0.002755
0.000965
0.001047
0.001441
0.001520
0.000889
0.000967
0.000545
0.000593
0.000307
0.000387
0.000252
0.000325
0.000288
0.000328
0.000216
0.000295
0.000228
0.000320
0.000263
0.000328
0.000206
0.000286
0.000196
0.000273
0.000198
0.000273
0.000232
0.000305
0.000238
0.000308
0.000206
0.000256
0.000232
0.000306
0.000202
0.000306
0.000232
0.000275
0.000189
0.000284
0.000188
0.000280
0.000144
0.000219
0.000136
0.000292
0.000204
0.000125
0.000146
0.000235
0.000158
0.000233
0.000164
0.000241
0.000213
0.000229
0.000188
0.000240
0.000191
0.000234
0.000150
0.000249
0.000181
0.000226
0.000182
0.000230
0.000204
0.000251
0.000165
0.000236
0.000184
0.000288
0.000187
0.000235
0.000189
0.000232
0.000180
0.000237
0.000238
0.000193
0.000194
0.000232
0.014061
0.014218
0.007667
0.007809
0.004544
0.004710
0.002467
0.002623
0.002444
0.002559
0.001490
0.001639
0.000898
0.001023
0.000516
0.000664
0.000447
0.000564
0.000412
0.000555
0.000358
0.000501
0.000410
0.000560
0.000351
0.000464
0.000350
0.000519
0.000325
0.000490
0.000326
0.000468
0.000341
0.000489
0.000477
0.000358
0.000361
0.000507
0.000374
0.000473
0.000378
0.000519
0.000317
0.000461
0.000305
0.000471
0.000529
0.000297
0.000274
0.000394
0.000220
0.000376
0.000222
0.000373
0.000201
0.000355
0.000236
0.000402
0.000260
0.000424
0.000244
0.000404
0.000273
0.000420
0.000242
0.000388
0.000237
0.000385
0.000241
0.000404
0.000278
0.000386
0.000393
0.000530
0.000288
0.000438
0.000242
0.000389
0.000271
0.000391
0.000248
0.000418
0.000264
0.000406
0.000328
0.000412
0.000276
0.000379
0.045336
0.045685
0.030606
0.030255
0.005772
0.006190
0.006729
0.007070
0.003036
0.003397
0.002977
0.003315
0.001735
0.002071
0.001032
0.001367
0.000968
0.001431
0.000840
0.001205
0.000893
0.001246
0.000735
0.001033
0.000736
0.001033
0.000715
0.001048
0.000813
0.001062
0.000667
0.001001
0.000689
0.000982
0.000699
0.001034
0.000890
0.001208
0.000683
0.000981
0.000672
0.001007
0.000657
0.000990
0.001027
0.000695
0.000540
0.000865
0.000492
0.000823
0.000438
0.000787
0.000420
0.000774
0.000398
0.000772
0.000429
0.000764
0.000410
0.000712
0.000450
0.000796
0.000478
0.000825
0.000497
0.000849
0.000532
0.000887
0.000835
0.000498
0.000496
0.000793
0.000469
0.000785
0.000477
0.000778
0.000455
0.000801
0.000802
0.000507
0.000466
0.000801
0.000441
0.000790
0.000480
0.000809
0.000456
0.000783
0.024651
0.025354
0.019157
0.019882
0.017578
0.018271
0.012456
0.013138
0.009539
0.010215
0.005052
0.005759
0.003446
0.004158
0.002064
0.002800
0.001581
0.002288
0.001634
0.002356
0.001518
0.002203
0.001471
0.002183
0.001470
0.002186
0.001394
0.002135
0.001537
0.001386
0.001349
0.002047
0.001385
0.002101
0.001365
0.002093
0.001333
0.002063
0.001330
0.002059
0.001381
0.002084
0.001290
0.002015
0.001240
0.001959
0.001062
0.001779
0.000997
0.001703
0.000937
0.001656
0.000860
0.001649
0.000832
0.001554
0.000821
0.001543
0.000818
0.001541
0.000827
0.001562
0.001688
0.000933
0.000891
0.001665
0.000918
0.001657
0.000994
0.001767
0.000898
0.001617
0.000925
0.001670
0.001703
0.000903
0.000946
0.001706
0.000907
0.001650
0.000906
0.001647
0.001128
0.001847
0.000906
0.001661
0.000962
0.001622
0.049256
0.048162
0.028035
0.029126
0.018287
0.019388
0.020057
0.021069
0.015499
0.014462
0.008492
0.009550
0.004840
0.005906
0.003094
0.004196
0.002479
0.003576
0.002450
0.003545
0.002260
0.003382
0.002221
0.003309
0.002128
0.003269
0.003265
0.002161
0.001967
0.003076
0.002246
0.003356
0.002013
0.003125
0.002008
0.003137
0.003986
0.002880
0.002021
0.003113
0.002025
0.003146
0.002027
0.003124
0.001915
0.003001
0.001669
0.002757
0.001514
0.002617
0.001432
0.002527
0.001308
0.002426
0.001292
0.002387
0.001282
0.002430
0.001275
0.002337
0.001285
0.002390
0.001343
0.002440
0.001367
0.002506
0.002519
0.001392
0.001399
0.002518
0.001528
0.002840
0.001393
0.002522
0.001421
0.002545
0.002513
0.001399
0.001383
0.002508
0.001350
0.002492
0.001371
0.002457
0.001535
0.002673
0.001357
0.002474
0.175258
0.177127
0.064835
0.063019
0.032441
0.034369
0.020636
0.022420
0.024017
0.025781
0.009828
0.011594
0.008686
0.010502
0.004994
0.006828
0.004058
0.005920
0.004111
0.006050
0.003905
0.005793
0.003635
0.005544
0.005538
0.003645
0.003522
0.005399
0.003275
0.005173
0.003430
0.005314
0.003430
0.005282
0.003403
0.005286
0.003381
0.005234
0.004941
0.003051
0.005362
0.003057
0.003318
0.005196
0.003210
0.005090
0.002789
0.004663
0.002590
0.004430
0.002429
0.004305
0.002306
0.004192
0.004436
0.002611
0.002302
0.004159
0.002212
0.004036
0.002247
0.004092
0.002301
0.004203
0.002444
0.004826
0.002402
0.004285
0.002138
0.004412
0.002428
0.004353
0.002406
0.004324
0.002372
0.004284
0.002436
0.004350
0.002367
0.004323
0.004809
0.002704
0.004307
0.002419
0.002480
0.004358
0.002429
0.004320
0.353815
0.357637
0.192823
0.196425
0.045677
0.049261
0.070423
0.073979
0.052403
0.048817
0.031594
0.035153
0.020566
0.017019
0.009972
0.013650
0.012079
0.008278
0.011901
0.008088
0.007732
0.011518
0.007555
0.011386
0.007082
0.010898
0.007152
0.010964
0.006997
0.010834
0.006730
0.010524
0.006835
0.010645
0.010411
0.006611
0.006858
0.010663
0.007118
0.010944
0.006829
0.010652
0.006655
0.010480
0.006425
0.010240
0.009608
0.005842
0.008937
0.005128
0.004819
0.008913
0.004602
0.008448
0.004417
0.008236
0.004349
0.008178
0.004312
0.008172
0.008199
0.004372
0.004538
0.008405
0.004605
0.008480
0.009111
0.004833
0.004773
0.008721
0.004721
0.008663
0.008617
0.004736
0.008669
0.004776
0.004740
0.008624
0.008661
0.004768
0.008615
0.004719
0.004717
0.008652
0.004708
0.008620
0.008637
0.004606
0.751262
0.759002
0.267295
0.274563
0.181950
0.174858
0.140598
0.147709
0.099268
0.106473
0.059646
0.066762
0.034452
0.042373
0.019570
0.027257
0.016491
0.024153
0.015538
0.023283
0.023061
0.015377
0.022836
0.015165
0.023021
0.015325
0.014255
0.021954
0.013031
0.020741
0.013139
0.020873
0.013854
0.021559
0.013510
0.021254
0.013740
0.021394
0.012667
0.020395
0.014150
0.021820
0.013170
0.021144
0.012426
0.020098
0.018760
0.011075
0.011052
0.018743
0.009538
0.017294
0.016995
0.009300
0.008835
0.016546
0.008658
0.016309
0.009454
0.017559
0.016363
0.008508
0.009046
0.016749
0.009602
0.017355
0.010165
0.017889
0.009064
0.017144
0.017316
0.009431
0.017806
0.009886
0.017498
0.009564
0.017840
0.009473
0.017379
0.009533
0.017276
0.009443
0.017330
0.009457
0.010193
0.018073
0.017466
0.009510
1.138259
1.149828
0.455339
0.466190
0.257010
0.267823
0.207424
0.196660
0.153516
0.142662
0.075948
0.087344
0.054066
0.065095
0.042287
0.030916
0.034669
0.023119
0.035512
0.023959
0.034382
0.023003
0.022751
0.034331
0.032706
0.021134
0.033282
0.021541
0.030707
0.019212
0.031800
0.020260
0.031334
0.019673
0.019599
0.031293
0.020260
0.031828
0.018702
0.030229
0.019427
0.030951
0.031551
0.019239
0.019235
0.030792
0.015979
0.027479
0.015357
0.027013
0.025878
0.014290
0.013559
0.025125
0.014510
0.026074
0.012861
0.024432
0.013611
0.025158
0.024862
0.013310
0.025244
0.013653
0.014184
0.025739
0.027194
0.015592
0.014580
0.026381
0.024731
0.012989
0.026030
0.014154
0.015233
0.025924
0.016638
0.031200
0.014438
0.026233
0.026245
0.014342
0.026902
0.014723
0.014418
0.026523
0.026380
0.014300
1.960025
1.979781
0.767833
0.749895
0.428084
0.446622
0.355058
0.336911
0.199323
0.218334
0.139996
0.157950
0.090538
0.109112
0.047591
0.066785
0.037920
0.056563
0.057935
0.039110
0.034672
0.054207
0.036138
0.055201
0.054545
0.034793
0.033099
0.052922
0.050266
0.031330
0.030949
0.050400
0.033174
0.052281
0.049856
0.030792
0.050963
0.031999
0.030025
0.049256
0.032742
0.052273
0.031125
0.050214
0.029941
0.050059
0.046000
0.026726
0.025901
0.045324
0.043409
0.024090
0.023180
0.042466
0.021693
0.040920
0.021416
0.039900
0.040539
0.021061
0.021169
0.040900
0.041735
0.022410
0.043889
0.024001
0.026430
0.045841
0.025785
0.045944
0.023529
0.043176
0.021930
0.042159
0.023757
0.043491
0.027196
0.051584
0.049445
0.025755
0.043449
0.023540
0.044026
0.024301
0.023533
0.043231
0.027741
0.052176
3.734084
3.772642
1.441127
1.479128
0.840594
0.880353
0.635513
0.675065
0.500192
0.537712
0.269900
0.308325
0.168239
0.205433
0.100163
0.137654
0.074592
0.112518
0.077193
0.116266
0.073870
0.111389
0.070915
0.108837
0.072534
0.110338
0.064260
0.102873
0.062052
0.100268
0.062570
0.101441
0.102062
0.064208
0.062777
0.100713
0.100508
0.062312
0.098107
0.060135
0.063157
0.100862
0.061529
0.099603
0.059065
0.097584
0.053088
0.091599
0.051682
0.090100
0.048253
0.086972
0.085033
0.046680
0.060001
0.099790
0.046108
0.085905
0.042825
0.081845
0.044239
0.082749
0.084640
0.045946
0.049636
0.088556
0.054592
0.093626
0.053245
0.091962
0.051727
0.091333
0.089164
0.049968
0.045740
0.085313
0.086795
0.046833
0.047277
0.086778
0.045855
0.086953
0.088300
0.048567
0.046537
0.086085
0.045735
0.086830
7.224716
7.149347
3.327020
3.237578
1.740681
1.653185
1.329824
1.245194
0.986343
0.912026
0.683101
0.608951
0.416479
0.340994
0.278431
0.203121
0.240056
0.164150
0.230449
0.155383
0.221774
0.146209
0.220476
0.144737
0.232677
0.156784
0.212159
0.136267
0.195838
0.120358
0.194751
0.120101
0.119016
0.194127
0.204951
0.122658
0.209851
0.133118
0.186983
0.110989
0.195007
0.119021
0.195901
0.119435
0.197595
0.115181
0.180137
0.105194
0.174855
0.099954
0.170771
0.095014
0.164633
0.088740
0.167119
0.085657
0.161892
0.086328
0.159240
0.084617
0.163001
0.085890
0.168821
0.092600
0.179074
0.098157
0.184220
0.107303
0.187579
0.111445
0.182452
0.106214
0.178758
0.102317
0.185422
0.108113
0.166232
0.088549
0.166808
0.089251
0.166898
0.089768
0.168194
0.091123
0.187583
0.109038
0.168617
0.090613
10.963008
10.850271
4.514598
4.404088
2.550961
2.422601
1.977822
1.867670
1.456351
1.347028
0.951207
0.841224
0.609798
0.499818
0.355775
0.466857
0.337739
0.225274
0.385734
0.275313
0.332564
0.221065
0.328315
0.217312
0.315346
0.204684
0.307401
0.197090
0.293781
0.182694
0.285952
0.175838
0.287670
0.176648
0.290650
0.179142
0.290818
0.179776
0.278766
0.168761
0.286586
0.175780
0.283415
0.173215
0.278987
0.168832
0.262958
0.152785
0.259116
0.146699
0.247626
0.137325
0.241545
0.130280
0.238505
0.128582
0.237155
0.126197
0.238684
0.129152
0.232147
0.120947
0.241294
0.131241
0.255437
0.142147
0.270583
0.158423
0.267632
0.157678
0.266100
0.155657
0.264455
0.153815
0.261074
0.149691
0.249740
0.138282
0.235975
0.122380
0.243968
0.131262
0.243198
0.130512
0.245177
0.132235
0.129868
0.243092
18.530235
18.346605
7.465419
7.284000
4.051268
3.868245
3.200893
3.016735
2.368693
2.187841
1.544171
1.364759
0.998834
0.818383
0.699598
0.518599
0.542435
0.363597
0.546906
0.366335
0.522153
0.339954
0.533054
0.354874
0.501208
0.319623
0.383280
0.587008
0.531484
0.331158
0.498214
0.306505
0.486346
0.302571
0.487338
0.304220
0.484590
0.301961
0.510094
0.316465
0.471574
0.290785
0.472021
0.288167
0.461880
0.281294
0.435761
0.256380
0.424305
0.244106
0.408257
0.227629
0.398235
0.218971
0.395178
0.213867
0.429305
0.231741
0.422081
0.216393
0.388361
0.200217
0.468259
0.267197
0.283251
0.482908
0.531614
0.301173
0.490562
0.279776
0.451354
0.265644
0.447805
0.263180
0.459330
0.274413
0.458755
0.258117
0.412898
0.225495
0.394100
0.209384
0.405895
0.219844
0.404744
0.220034
0.461756
0.264976
35.541096
35.169623
14.357325
13.965415
8.528222
8.174124
6.554304
6.175794
4.970144
4.604611
3.678500
3.269665
2.183006
1.829018
1.390145
1.013655
1.172342
0.815679
1.212050
0.830883
1.069291
0.701817
1.101733
0.725420
1.050274
0.681096
1.205923
0.845573
1.018462
0.654389
1.006194
0.636817
1.615568
1.189262
1.081169
0.681451
0.945230
0.586490
0.911852
0.557642
0.932453
0.580041
0.915554
0.564436
0.903132
0.552923
0.862396
0.511262
0.859448
0.508415
0.830145
0.467149
0.795802
0.436273
0.780555
0.426756
0.781113
0.424061
0.816426
0.453883
1.017747
0.582148
0.883161
0.466564
0.869483
0.509627
0.913494
0.548588
0.899348
0.534986
0.902991
0.546062
0.897272
0.526819
0.881836
0.515119
0.887907
0.507904
0.902483
0.535384
0.999355
0.544093
0.787847
0.421316
0.873963
0.473513
0.877891
0.451123
71.335837
70.613969
29.605946
28.893697
17.133399
16.423243
13.529983
12.815115
10.241620
9.504591
6.470369
5.689799
5.814531
5.080383
3.078530
2.293485
2.254435
1.532597
2.919950
2.193343
2.558545
1.822234
2.864586
2.035882
3.050910
2.273800
2.694734
1.782561
2.207750
1.431599
2.257983
1.433294
2.099638
1.362934
1.883015
1.181700
1.877972
1.176552
2.258883
1.451587
2.192610
1.490096
2.047412
1.328415
2.409948
1.575110
1.903566
1.183890
1.876276
1.142906
1.624209
0.917562
1.620868
0.894922
1.668691
0.940749
1.885911
1.030569
1.796885
0.955557
1.690307
0.883944
1.605575
0.893401
1.638784
0.939180
1.771606
1.072141
1.761276
1.061906
1.789815
1.069293
1.762537
1.060118
1.752501
1.056697
1.778654
1.079604
1.742036
1.010347
1.731610
1.000902
1.698632
0.973870
1.583914
0.844847
1.640497
0.917397
108.399640
107.364659
44.646822
43.606676
25.731329
24.686563
19.284609
18.248391
14.258275
13.217428
9.069834
8.033802
6.058268
5.016663
3.907538
2.868604
3.299045
2.257390
3.314291
2.272803
3.145298
2.103749
3.041934
1.999446
3.060143
2.022792
3.016679
1.970372
2.849604
1.811526
2.794581
1.754492
2.775303
1.733737
2.774264
1.732470
2.805654
1.763060
2.696615
1.658282
2.770683
1.729738
2.746832
1.708107
2.701992
1.668226
2.575198
1.535188
2.502282
1.456113
2.415214
1.375834
2.336754
1.294363
2.298209
1.256556
2.262766
1.224719
2.283622
1.243455
2.275118
1.240690
2.399999
1.313980
2.490461
1.442043
2.651445
1.603719
2.628760
1.591725
2.630446
1.587588
2.620076
1.584777
2.617187
1.577241
2.597835
1.563579
2.563995
1.521846
2.538668
1.499253
2.497743
1.448703
2.409896
1.341285
2.267951
1.192927
159.799333
158.422064
59.964100
58.619516
33.053261
31.706019
25.246149
23.900583
18.922088
17.571890
11.798549
10.445884
7.854442
6.508125
5.189913
3.830357
4.294767
2.950325
4.362835
3.017636
4.109698
2.764046
4.026195
2.674353
3.947497
2.605097
3.909734
2.562873
3.651502
2.297634
3.653633
2.298935
3.611155
2.264348
3.626031
2.276518
3.629135
2.272681
3.502031
2.153673
3.592410
2.244849
3.573263
2.225953
3.499914
2.145201
3.311130
1.961576
3.211309
1.855939
3.110337
1.765885
3.128399
1.778927
2.999558
1.635056
2.984197
1.620449
2.966458
1.617594
2.918171
1.572365
3.051227
1.704906
3.198563
1.850050
3.392889
2.049693
3.396763
2.052505
3.397978
2.056939
3.404505
2.053765
3.383209
2.036022
3.368182
2.019583
3.319865
1.972777
3.311955
1.955315
3.257831
1.900429
3.179816
1.794221
3.007369
1.613626
