0.000012
0.000014
0.000011
0.000022
0.000015
0.000020
0.000008
0.000013
0.000012
0.000014
0.000012
0.000014
0.000014
0.000014
0.000018
0.000023
0.000011
0.000016
0.000011
0.000056
0.000008
0.000015
0.000015
0.000017
0.000009
0.000011
0.000008
0.000017
0.000007
0.000014
0.000012
0.000017
0.000018
0.000055
0.000008
0.000014
0.000013
0.000017
0.000011
0.000017
0.000008
0.000016
0.000010
0.000016
0.000010
0.000018
0.000017
0.000027
0.000010
0.000019
0.000011
0.000018
0.000011
0.000016
0.000011
0.000024
0.000022
0.000022
0.000014
0.000017
0.000014
0.000019
0.000011
0.000016
0.000011
0.000014
0.000014
0.000016
0.000019
0.000048
0.000010
0.000019
0.000011
0.000016
0.000008
0.000015
0.000010
0.000016
0.000013
0.000017
0.000020
0.000021
0.000015
0.000026
0.000015
0.000018
0.000012
0.000015
0.000014
0.000016
0.000014
0.000016
0.000022
0.000025
0.000016
0.000017
0.000018
0.000018
0.000019
0.000025
0.000014
0.000018
0.000012
0.000018
0.000017
0.000020
0.000014
0.000019
0.000010
0.000017
0.000011
0.000017
0.000008
0.000013
0.000017
0.000010
0.000017
0.000014
0.000013
0.000015
0.000010
0.000016
0.000012
0.000016
0.000013
0.000018
0.000014
0.000017
0.000011
0.000013
0.000013
0.000015
0.000009
0.000018
0.000021
0.000021
0.000013
0.000019
0.000035
0.000036
0.000027
0.000032
0.000027
0.000035
0.000021
0.000024
0.000011
0.000013
0.000010
0.000017
0.000013
0.000015
0.000016
0.000017
0.000014
0.000017
0.000012
0.000015
0.000016
0.000014
0.000011
0.000013
0.000008
0.000016
0.000010
0.000018
0.000016
0.000022
0.000011
0.000016
0.000009
0.000014
0.000012
0.000014
0.000013
0.000015
0.000013
0.000015
0.000015
0.000019
0.000013
0.000013
0.000010
0.000013
0.000069
0.000067
0.000035
0.000031
0.000017
0.000026
0.000024
0.000025
0.000013
0.000012
0.000020
0.000015
0.000012
0.000014
0.000012
0.000016
0.000015
0.000015
0.000009
0.000010
0.000010
0.000053
0.000011
0.000014
0.000012
0.000014
0.000014
0.000018
0.000011
0.000013
0.000016
0.000018
0.000009
0.000014
0.000009
0.000015
0.000009
0.000015
0.000016
0.000015
0.000009
0.000015
0.000015
0.000021
0.000009
0.000013
0.000096
0.000103
0.000061
0.000065
0.000031
0.000038
0.000024
0.000026
0.000015
0.000021
0.000009
0.000014
0.000015
0.000020
0.000011
0.000017
0.000013
0.000018
0.000016
0.000019
0.000020
0.000024
0.000011
0.000013
0.000013
0.000020
0.000012
0.000012
0.000010
0.000017
0.000015
0.000052
0.000012
0.000013
0.000009
0.000013
0.000009
0.000019
0.000009
0.000012
0.000011
0.000014
0.000011
0.000013
0.000014
0.000042
0.000161
0.000169
0.000091
0.000108
0.000048
0.000049
0.000041
0.000046
0.000026
0.000035
0.000014
0.000018
0.000015
0.000015
0.000008
0.000013
0.000011
0.000016
0.000014
0.000015
0.000048
0.000013
0.000015
0.000016
0.000009
0.000010
0.000011
0.000014
0.000013
0.000025
0.000009
0.000054
0.000009
0.000015
0.000008
0.000018
0.000011
0.000014
0.000013
0.000013
0.000015
0.000015
0.000009
0.000011
0.000009
0.000012
0.000244
0.000252
0.000137
0.000130
0.000076
0.000070
0.000048
0.000050
0.000040
0.000039
0.000022
0.000023
0.000015
0.000017
0.000008
0.000016
0.000027
0.000024
0.000012
0.000044
0.000011
0.000014
0.000010
0.000014
0.000017
0.000017
0.000011
0.000016
0.000011
0.000019
0.000008
0.000026
0.000011
0.000012
0.000009
0.000013
0.000011
0.000012
0.000010
0.000014
0.000010
0.000013
0.000009
0.000012
0.000011
0.000013
0.000314
0.000289
0.000161
0.000163
0.000080
0.000081
0.000068
0.000060
0.000050
0.000042
0.000043
0.000028
0.000018
0.000023
0.000020
0.000018
0.000012
0.000015
0.000009
0.000019
0.000010
0.000012
0.000011
0.000043
0.000009
0.000016
0.000016
0.000024
0.000010
0.000019
0.000011
0.000019
0.000016
0.000018
0.000026
0.000021
0.000010
0.000017
0.000009
0.000016
0.000014
0.000023
0.000011
0.000015
0.000011
0.000016
0.000374
0.000377
0.000198
0.000203
0.000105
0.000107
0.000075
0.000079
0.000053
0.000056
0.000037
0.000036
0.000018
0.000018
0.000015
0.000019
0.000049
0.000023
0.000014
0.000015
0.000013
0.000015
0.000010
0.000017
0.000011
0.000014
0.000014
0.000020
0.000011
0.000042
0.000011
0.000042
0.000011
0.000012
0.000012
0.000021
0.000014
0.000012
0.000010
0.000013
0.000011
0.000017
0.000011
0.000017
0.000010
0.000015
0.000327
0.000327
0.000167
0.000173
0.000090
0.000092
0.000065
0.000067
0.000044
0.000041
0.000024
0.000032
0.000019
0.000025
0.000021
0.000030
0.000016
0.000019
0.000016
0.000017
0.000013
0.000013
0.000013
0.000012
0.000012
0.000014
0.000012
0.000017
0.000012
0.000014
0.000010
0.000011
0.000012
0.000014
0.000022
0.000022
0.000010
0.000047
0.000012
0.000014
0.000012
0.000013
0.000014
0.000017
0.000012
0.000013
0.000361
0.000351
0.000226
0.000232
0.000093
0.000098
0.000068
0.000105
0.000046
0.000059
0.000039
0.000033
0.000025
0.000028
0.000020
0.000024
0.000022
0.000026
0.000023
0.000020
0.000017
0.000016
0.000009
0.000031
0.000010
0.000019
0.000021
0.000027
0.000015
0.000021
0.000011
0.000023
0.000015
0.000017
0.000011
0.000034
0.000014
0.000026
0.000014
0.000016
0.000013
0.000021
0.000012
0.000019
0.000008
0.000019
0.000336
0.000336
0.000165
0.000168
0.000085
0.000073
0.000057
0.000049
0.000045
0.000046
0.000027
0.000031
0.000018
0.000026
0.000014
0.000020
0.000014
0.000021
0.000014
0.000020
0.000013
0.000021
0.000017
0.000025
0.000020
0.000023
0.000014
0.000023
0.000018
0.000012
0.000011
0.000021
0.000010
0.000018
0.000011
0.000020
0.000010
0.000018
0.000011
0.000053
0.000013
0.000015
0.000014
0.000016
0.000011
0.000018
0.000479
0.000449
0.000204
0.000235
0.000109
0.000127
0.000075
0.000086
0.000051
0.000060
0.000026
0.000030
0.000018
0.000024
0.000014
0.000021
0.000018
0.000025
0.000016
0.000020
0.000016
0.000019
0.000018
0.000025
0.000019
0.000028
0.000015
0.000020
0.000016
0.000050
0.000019
0.000015
0.000012
0.000021
0.000012
0.000020
0.000015
0.000021
0.000020
0.000010
0.000014
0.000021
0.000012
0.000016
0.000012
0.000019
0.000640
0.000651
0.000240
0.000249
0.000124
0.000129
0.000125
0.000162
0.000064
0.000079
0.000034
0.000040
0.000022
0.000028
0.000019
0.000024
0.000019
0.000022
0.000021
0.000026
0.000019
0.000024
0.000016
0.000024
0.000018
0.000024
0.000021
0.000020
0.000021
0.000027
0.000015
0.000021
0.000013
0.000018
0.000015
0.000021
0.000015
0.000021
0.000022
0.000021
0.000016
0.000020
0.000009
0.000017
0.000010
0.000020
0.000625
0.000630
0.000306
0.000308
0.000159
0.000166
0.000108
0.000114
0.000092
0.000089
0.000031
0.000042
0.000032
0.000033
0.000028
0.000028
0.000026
0.000033
0.000027
0.000023
0.000014
0.000020
0.000014
0.000022
0.000014
0.000024
0.000014
0.000021
0.000023
0.000015
0.000014
0.000025
0.000020
0.000022
0.000021
0.000021
0.000015
0.000023
0.000012
0.000021
0.000017
0.000018
0.000011
0.000020
0.000011
0.000020
0.000661
0.000665
0.000319
0.000325
0.000164
0.000172
0.000116
0.000117
0.000082
0.000089
0.000042
0.000048
0.000036
0.000036
0.000022
0.000028
0.000020
0.000024
0.000021
0.000025
0.000029
0.000028
0.000017
0.000029
0.000023
0.000042
0.000015
0.000022
0.000015
0.000023
0.000030
0.000091
0.000019
0.000022
0.000022
0.000026
0.000017
0.000028
0.000018
0.000027
0.000017
0.000029
0.000017
0.000024
0.000012
0.000022
0.000743
0.000734
0.000368
0.000371
0.000188
0.000196
0.000127
0.000131
0.000117
0.000110
0.000042
0.000045
0.000043
0.000044
0.000029
0.000034
0.000020
0.000023
0.000032
0.000053
0.000029
0.000033
0.000029
0.000037
0.000022
0.000030
0.000020
0.000029
0.000022
0.000030
0.000026
0.000030
0.000020
0.000025
0.000022
0.000027
0.000021
0.000032
0.000024
0.000030
0.000027
0.000020
0.000024
0.000033
0.000024
0.000029
0.000846
0.000971
0.000484
0.000512
0.000258
0.000233
0.000147
0.000162
0.000102
0.000092
0.000048
0.000052
0.000031
0.000032
0.000025
0.000029
0.000021
0.000026
0.000035
0.000033
0.000029
0.000028
0.000031
0.000034
0.000031
0.000036
0.000026
0.000029
0.000024
0.000028
0.000022
0.000031
0.000030
0.000029
0.000023
0.000036
0.000019
0.000023
0.000027
0.000066
0.000026
0.000030
0.000018
0.000028
0.000026
0.000032
0.001510
0.001545
0.000703
0.000698
0.000350
0.000356
0.000247
0.000240
0.000151
0.000197
0.000097
0.000098
0.000054
0.000054
0.000061
0.000075
0.000049
0.000036
0.000063
0.000058
0.000040
0.000031
0.000047
0.000035
0.000034
0.000040
0.000033
0.000039
0.000029
0.000029
0.000028
0.000025
0.000038
0.000026
0.000162
0.000187
0.000027
0.000026
0.000027
0.000023
0.000024
0.000089
0.000187
0.000117
0.000037
0.000028
0.002433
0.002362
0.001200
0.001180
0.000629
0.000606
0.000451
0.000449
0.000266
0.000253
0.000152
0.000131
0.000124
0.000101
0.000072
0.000054
0.000077
0.000048
0.000073
0.000044
0.000059
0.000077
0.000065
0.000048
0.000052
0.000040
0.000054
0.000038
0.000088
0.000064
0.000059
0.000037
0.000054
0.000030
0.000036
0.000029
0.000051
0.000036
0.000036
0.000030
0.000038
0.000030
0.000038
0.000030
0.000035
0.000030
0.004013
0.003987
0.002086
0.002083
0.001035
0.001023
0.000696
0.000693
0.000448
0.000413
0.000247
0.000212
0.000129
0.000112
0.000110
0.000078
0.000089
0.000073
0.000084
0.000071
0.000085
0.000065
0.000082
0.000209
0.000082
0.000063
0.000091
0.000091
0.000065
0.000050
0.000063
0.000047
0.000066
0.000044
0.000066
0.000053
0.000055
0.000071
0.000073
0.000060
0.000078
0.000070
0.000079
0.000061
0.000102
0.000085
0.008000
0.007917
0.004061
0.003970
0.002070
0.001998
0.001416
0.001398
0.000887
0.000855
0.000500
0.000420
0.000255
0.000217
0.000194
0.000150
0.000198
0.000186
0.000220
0.000126
0.000161
0.000114
0.000156
0.000116
0.000204
0.000115
0.000181
0.000107
0.000138
0.000163
0.000116
0.000186
0.000113
0.000076
0.000115
0.000070
0.000120
0.000071
0.000288
0.000205
0.000109
0.000070
0.000108
0.000071
0.000147
0.000073
0.015839
0.015582
0.007851
0.007790
0.003782
0.003815
0.002625
0.002610
0.001829
0.001616
0.000775
0.000862
0.000491
0.000407
0.000371
0.000317
0.000410
0.000283
0.000316
0.000233
0.000300
0.000270
0.000424
0.000331
0.000284
0.000198
0.000259
0.000176
0.000238
0.000155
0.000244
0.000133
0.000210
0.000158
0.000219
0.000133
0.000314
0.000157
0.000203
0.000125
0.000206
0.000173
0.000235
0.000168
0.000204
0.000124
0.024414
0.023973
0.012389
0.013854
0.006027
0.006883
0.003698
0.003868
0.003065
0.002843
0.001379
0.001404
0.000662
0.000633
0.000547
0.000489
0.000402
0.000585
0.000323
0.000429
0.000418
0.000316
0.000436
0.000370
0.000471
0.000339
0.000311
0.000550
0.000351
0.000217
0.000329
0.000191
0.000291
0.000191
0.000182
0.000286
0.000275
0.000174
0.000194
0.000371
0.000183
0.000289
0.000364
0.000244
0.000283
0.000187
0.038415
0.039257
0.018175
0.018578
0.009161
0.009432
0.006346
0.006708
0.003829
0.004005
0.001978
0.002212
0.000984
0.001148
0.000683
0.000871
0.000581
0.000785
0.000787
0.000558
0.000734
0.000515
0.000714
0.000623
0.000498
0.000870
0.000547
0.000641
0.000630
0.000447
0.000316
0.000528
0.000301
0.000500
0.000293
0.000493
0.000364
0.000525
0.000485
0.000336
0.000285
0.000489
0.000287
0.000527
0.000453
0.000294
0.074990
0.074375
0.036262
0.035327
0.018530
0.018350
0.011960
0.011859
0.007256
0.007714
0.003721
0.004108
0.001978
0.002394
0.001367
0.001757
0.001177
0.001696
0.001537
0.001102
0.001026
0.001331
0.001021
0.001410
0.000991
0.001474
0.000853
0.001179
0.000727
0.001156
0.000749
0.001248
0.000637
0.001075
0.000598
0.001007
0.000572
0.000985
0.000687
0.001097
0.000621
0.000999
0.000549
0.000957
0.000605
0.000963
0.147837
0.150667
0.074646
0.075023
0.035957
0.037153
0.025175
0.024681
0.014990
0.014439
0.007177
0.007757
0.003969
0.004545
0.002754
0.003379
0.002474
0.003209
0.002267
0.003120
0.002071
0.002853
0.001997
0.002813
0.001896
0.002697
0.001864
0.002827
0.001432
0.002347
0.001452
0.002253
0.001203
0.001970
0.001283
0.002074
0.001168
0.001984
0.001150
0.001999
0.001244
0.001985
0.001134
0.001928
0.001157
0.001914
0.224324
0.227632
0.112162
0.112785
0.055482
0.056620
0.039354
0.040040
0.023364
0.023843
0.011045
0.012941
0.005976
0.006897
0.004755
0.003858
0.003481
0.004346
0.003357
0.004281
0.003163
0.004096
0.002947
0.003864
0.002860
0.003713
0.003729
0.002552
0.002320
0.003346
0.003183
0.002073
0.001980
0.003074
0.002900
0.001894
0.002230
0.003252
0.001831
0.002662
0.003229
0.002133
0.002787
0.001753
0.001729
0.002753
0.379421
0.373354
0.188517
0.191495
0.096266
0.094589
0.061426
0.065214
0.040359
0.036969
0.019653
0.018429
0.010603
0.009397
0.007790
0.006377
0.007042
0.005527
0.007098
0.005494
0.006469
0.005032
0.006816
0.005104
0.004667
0.006387
0.006299
0.004473
0.005292
0.003712
0.005090
0.003323
0.005103
0.003144
0.003087
0.004740
0.004934
0.003012
0.002950
0.004335
0.005037
0.003278
0.004517
0.002928
0.004851
0.003206
0.743069
0.740214
0.382927
0.380788
0.194931
0.189301
0.134961
0.132115
0.081494
0.077061
0.038960
0.042647
0.022878
0.020846
0.016921
0.013198
0.014998
0.011400
0.012912
0.010297
0.013713
0.009930
0.012627
0.009607
0.012564
0.009567
0.011413
0.008419
0.010366
0.007116
0.009354
0.006299
0.009091
0.006037
0.009213
0.006104
0.008997
0.005850
0.009372
0.005801
0.008944
0.005726
0.008903
0.005712
0.008645
0.005757
1.508599
1.508992
0.758528
0.750723
0.383941
0.373297
0.264331
0.258869
0.162270
0.155479
0.086193
0.076882
0.045115
0.040276
0.033677
0.026710
0.023282
0.030442
0.029110
0.021744
0.026590
0.019922
0.026627
0.019738
0.024584
0.018464
0.022275
0.016756
0.021999
0.014519
0.019258
0.012656
0.017947
0.012217
0.016711
0.011510
0.017883
0.011557
0.016737
0.011285
0.017643
0.011663
0.017318
0.011329
0.018022
0.012042
2.247847
2.228632
1.117588
1.116708
0.549561
0.537809
0.400886
0.392869
0.246183
0.237802
0.128537
0.119148
0.069614
0.061477
0.050797
0.041179
0.046141
0.036204
0.044474
0.034909
0.040628
0.031868
0.040594
0.030390
0.038278
0.028168
0.036619
0.026172
0.031302
0.022557
0.028872
0.019551
0.026755
0.018873
0.026799
0.018506
0.026384
0.017224
0.024752
0.017909
0.025957
0.018215
0.027282
0.017071
0.025849
0.017016
3.755480
3.744902
1.876314
1.869248
0.945102
0.953366
0.671394
0.652915
0.406189
0.391655
0.197050
0.213297
0.115333
0.102521
0.086745
0.070548
0.074935
0.059730
0.076930
0.059282
0.076442
0.055121
0.063666
0.048502
0.063800
0.048319
0.060576
0.044666
0.054754
0.039206
0.048043
0.034273
0.046581
0.031505
0.045444
0.030608
0.043500
0.029211
0.044370
0.030692
0.045104
0.029835
0.044054
0.029278
0.043713
0.029827
7.534693
7.538386
3.782747
3.742130
1.896722
1.892463
1.329788
1.296558
0.811169
0.787074
0.420802
0.394873
0.232972
0.205976
0.173319
0.139134
0.151483
0.121427
0.140394
0.110966
0.136996
0.104395
0.133130
0.101024
0.096977
0.128149
0.130337
0.095615
0.078813
0.111992
0.072604
0.102574
0.095276
0.066198
0.102548
0.067770
0.102590
0.065343
0.094391
0.063463
0.088708
0.061359
0.088970
0.062762
0.090301
0.063282
15.370450
15.337282
7.522197
7.529542
3.785086
3.749190
2.631230
2.565366
1.598000
1.542235
0.860890
0.795807
0.465362
0.414553
0.345778
0.282467
0.308716
0.241603
0.291177
0.226776
0.280771
0.214552
0.270354
0.206196
0.257743
0.193841
0.243400
0.178809
0.211610
0.151525
0.193679
0.134337
0.183886
0.127425
0.184007
0.123478
0.183217
0.122109
0.179252
0.119238
0.174900
0.117050
0.177700
0.117634
0.174908
0.119170
22.557549
22.484153
11.559931
11.419635
5.788733
5.673952
4.034814
3.940297
2.492240
2.381605
1.293757
1.199182
0.709035
0.630779
0.536141
0.431982
0.464218
0.367519
0.439379
0.342049
0.440430
0.332955
0.405236
0.304042
0.384825
0.291368
0.385742
0.280136
0.337721
0.239098
0.290467
0.201585
0.277378
0.190121
0.283337
0.189122
0.280952
0.186755
0.288351
0.189852
0.283792
0.188004
0.282600
0.185530
0.270008
0.183820
37.881063
37.612534
19.054880
18.947120
9.666241
9.473618
6.548913
6.372558
3.989934
3.818149
2.144402
1.986344
1.202711
1.058212
0.865234
0.699591
0.764860
0.603403
0.723329
0.560020
0.691307
0.528638
0.661638
0.500967
0.640884
0.482500
0.598432
0.435861
0.529417
0.376069
0.486393
0.329647
0.463222
0.310994
0.454544
0.306444
0.449243
0.300857
0.448593
0.299025
0.443589
0.293462
0.446747
0.292291
0.439798
0.293504
75.617672
74.987948
38.012378
37.588432
19.148009
18.798849
13.033025
12.735873
8.049468
7.748671
4.187943
3.911976
2.297298
2.038764
1.695978
1.384224
1.508352
1.194230
1.446821
1.123435
1.380639
1.064969
1.322234
1.005920
1.272065
0.959684
1.187120
0.872985
1.053941
0.742894
0.964897
0.655789
0.926345
0.623216
0.913190
0.605979
0.896135
0.595139
0.890130
0.595023
0.879319
0.587858
0.886050
0.584173
0.877553
0.588854
150.945179
149.970058
75.739315
75.106577
38.339633
37.627025
26.066455
25.537205
15.957585
15.337243
8.461631
7.862555
4.607479
4.088939
3.379640
2.762471
3.028263
2.391952
2.902821
2.254978
2.757020
2.109271
2.652140
2.039306
2.551959
1.913071
2.386424
1.758752
2.102934
1.491896
1.918242
1.310804
1.844730
1.246344
1.815650
1.221159
1.803075
1.199927
1.776249
1.180537
1.772262
1.175867
1.763413
1.163330
1.759920
1.181451
227.686283
225.918995
113.257787
112.684819
59.057906
58.002770
40.359080
39.233668
24.840825
23.916096
13.143577
12.198067
7.324406
6.435999
5.419656
4.405546
4.859380
3.824350
4.515627
3.497756
4.256424
3.257659
4.220062
3.192695
4.032208
3.013009
3.783004
2.769620
3.380709
2.351429
3.115455
2.111065
2.992000
1.998195
2.936304
1.950114
2.899177
1.911688
2.893830
1.902024
2.778492
1.810159
2.655916
1.789056
2.644778
1.853608
307.237858
308.373873
150.992236
151.101653
76.039837
75.011483
53.187236
52.190886
32.401373
31.294463
17.183868
16.138930
9.333547
8.395983
6.888834
5.681949
6.158615
4.978521
5.858072
4.662490
5.612998
4.410296
5.350182
4.184801
5.130522
3.996642
4.803871
3.654739
4.235301
3.135644
3.848607
2.679586
3.703830
2.661238
3.656165
2.588173
3.563218
2.542812
3.585233
2.531392
3.522163
2.496636
3.518123
2.491805
3.478305
2.513546
