0.000054
0.000014
0.000018
0.000111
0.000015
0.000405
0.000048
0.000013
0.000215
0.000031
0.000013
0.000052
0.000084
0.000020
0.000018
0.000173
0.000257
0.000018
0.000017
0.000391
0.000054
0.000014
0.000054
0.000014
0.000065
0.000015
0.000093
0.000016
0.000068
0.000019
0.000092
0.000016
0.000110
0.000015
0.000014
0.000088
0.000106
0.000014
0.000118
0.000014
0.000014
0.000051
0.000053
0.000014
0.000091
0.000016
0.000089
0.000016
0.000098
0.000019
0.000066
0.000017
0.000051
0.000015
0.000089
0.000014
0.000072
0.000018
0.000048
0.000015
0.000051
0.000014
0.000060
0.000017
0.000057
0.000015
0.000085
0.000018
0.000094
0.000030
0.000081
0.000019
0.000049
0.000015
0.000076
0.000015
0.000051
0.000014
0.000081
0.000015
0.000084
0.000015
0.000071
0.000015
0.000056
0.000015
0.000081
0.000015
0.000058
0.000018
0.000050
0.000014
0.000081
0.000014
0.000103
0.000013
0.000081
0.000014
0.000076
0.000015
0.000054
0.000015
0.000072
0.000019
0.000055
0.000014
0.000057
0.000015
0.000062
0.000015
0.000094
0.000016
0.000048
0.000015
0.000070
0.000019
0.000053
0.000013
0.000052
0.000014
0.000075
0.000019
0.000051
0.000013
0.000054
0.000016
0.000051
0.000013
0.000057
0.000014
0.000051
0.000015
0.000048
0.000013
0.000051
0.000013
0.000126
0.000018
0.000049
0.000014
0.000051
0.000013
0.000054
0.000013
0.000053
0.000013
0.000052
0.000013
0.000049
0.000014
0.000056
0.000014
0.000050
0.000014
0.000050
0.000013
0.000053
0.000014
0.000057
0.000014
0.000081
0.000019
0.000060
0.000016
0.000101
0.000014
0.000014
0.000110
0.000067
0.000016
0.000055
0.000014
0.000058
0.000015
0.000056
0.000016
0.000061
0.000024
0.000018
0.000104
0.000074
0.000019
0.000014
0.000110
0.000082
0.000015
0.000119
0.000014
0.000076
0.000014
0.000081
0.000015
0.000075
0.000013
0.000075
0.000014
0.000079
0.000018
0.000060
0.000015
0.000055
0.000014
0.000099
0.000014
0.000092
0.000020
0.000104
0.000015
0.000076
0.000014
0.000020
0.000010
0.000055
0.000014
0.000015
0.000074
0.000058
0.000014
0.000050
0.000014
0.000053
0.000015
0.000106
0.000016
0.000095
0.000017
0.000015
0.000103
0.000108
0.000017
0.000084
0.000015
0.000069
0.000018
0.000056
0.000015
0.000053
0.000015
0.000052
0.000016
0.000082
0.000015
0.000016
0.000084
0.000119
0.000016
0.000076
0.000016
0.000056
0.000018
0.003986
0.000018
0.000071
0.000019
0.000015
0.000089
0.000062
0.000015
0.000049
0.000014
0.000080
0.000015
0.000081
0.000015
0.000051
0.000020
0.000102
0.000171
0.000063
0.000017
0.000057
0.000014
0.000054
0.000015
0.000109
0.000016
0.000073
0.000016
0.000058
0.000017
0.000071
0.000019
0.000066
0.000015
0.000108
0.000014
0.000072
0.000019
0.000054
0.000015
0.000062
0.000014
0.000069
0.000015
0.000068
0.000015
0.000065
0.000015
0.000101
0.000027
0.000056
0.000017
0.000059
0.000015
0.000055
0.000015
0.000134
0.000017
0.000056
0.000015
0.000055
0.000014
0.000071
0.000015
0.000053
0.000015
0.000062
0.000015
0.000013
0.000116
0.000114
0.000017
0.000075
0.000017
0.000074
0.000018
0.000052
0.000016
0.000119
0.000017
0.000069
0.000022
0.000116
0.000019
0.000073
0.000018
0.000053
0.000015
0.000016
0.000124
0.000058
0.000014
0.000016
0.000125
0.000014
0.000112
0.000101
0.000015
0.000106
0.000015
0.000070
0.000017
0.000107
0.000052
0.000164
0.000026
0.000053
0.000020
0.000073
0.000019
0.000088
0.000019
0.000074
0.000019
0.000071
0.000016
0.000091
0.000012
0.000014
0.000099
0.000069
0.000016
0.000048
0.000014
0.000052
0.000015
0.000057
0.000015
0.000073
0.000016
0.000065
0.000015
0.000071
0.000016
0.000195
0.000016
0.000075
0.000016
0.000069
0.000016
0.000070
0.000016
0.000014
0.000060
0.000014
0.000132
0.000099
0.000027
0.000061
0.000015
0.000014
0.000123
0.000016
0.000145
0.000063
0.000016
0.000063
0.000015
0.000015
0.000070
0.000344
0.000021
0.000017
0.000102
0.000070
0.000016
0.000065
0.000016
0.000074
0.000017
0.000057
0.000014
0.000055
0.000016
0.000092
0.000016
0.000084
0.000019
0.000104
0.000030
0.000402
0.000019
0.000102
0.000030
0.000014
0.000116
0.000068
0.000016
0.000064
0.000020
0.000408
0.000230
0.000081
0.000031
0.000061
0.000021
0.000091
0.000028
0.000107
0.000018
0.000069
0.000016
0.000089
0.000015
0.000064
0.000016
0.000066
0.000021
0.000104
0.000016
0.000106
0.000015
0.000057
0.000016
0.000161
0.000096
0.000069
0.000016
0.000085
0.000015
0.000075
0.000021
0.000055
0.000015
0.000054
0.000015
0.000063
0.000016
0.000051
0.000014
0.000096
0.000015
0.000075
0.000028
0.000106
0.000017
0.000017
0.000128
0.000055
0.000015
0.000102
0.000027
0.000070
0.000015
0.000060
0.000019
0.000052
0.000015
0.000052
0.000015
0.000026
0.000102
0.000105
0.000016
0.000014
0.000100
0.000092
0.000019
0.000079
0.000016
0.000081
0.000016
0.000014
0.000111
0.000057
0.000018
0.000067
0.000016
0.000016
0.000125
0.000015
0.000130
0.000029
0.000100
0.000015
0.000120
0.000060
0.000016
0.000084
0.000044
0.000140
0.000094
0.000057
0.000025
0.000081
0.000039
0.000057
0.000021
0.000055
0.000015
0.000054
0.000014
0.000050
0.000015
0.000072
0.000019
0.000079
0.000017
0.000066
0.000016
0.000093
0.000014
0.000086
0.000019
0.000055
0.000015
0.000055
0.000014
0.000067
0.000015
0.000061
0.000018
0.000064
0.000015
0.000053
0.000015
0.000105
0.000015
0.000063
0.000018
0.000074
0.000020
0.000054
0.000015
0.000075
0.000018
0.000105
0.000017
0.000053
0.000014
0.000145
0.000016
0.000070
0.000019
0.000046
0.000015
0.000061
0.000015
0.000049
0.000014
0.000054
0.000015
0.000051
0.000014
0.000055
0.000016
0.000055
0.000018
0.000017
0.000059
0.000057
0.000015
0.000053
0.000014
0.000014
0.000054
0.000050
0.000015
0.000053
0.000015
0.000044
0.000013
0.000054
0.000015
0.000068
0.000016
0.000152
0.000105
0.000074
0.000036
0.000062
0.000029
0.000088
0.000052
0.000071
0.000024
0.000052
0.000018
0.000053
0.000015
0.000053
0.000013
0.000018
0.000280
0.000158
0.000017
0.000053
0.000013
0.000050
0.000014
0.000054
0.000014
0.000055
0.000016
0.000079
0.000018
0.000067
0.000017
0.000068
0.000017
0.000020
0.000080
0.000077
0.000020
0.000055
0.000018
0.000054
0.000015
0.000019
0.000176
0.000073
0.000015
0.000074
0.000016
0.000069
0.000015
0.000075
0.000017
0.000051
0.000015
0.000057
0.000015
0.000014
0.000100
0.000056
0.000015
0.000014
0.000111
0.000054
0.000016
0.000065
0.000016
0.000064
0.000016
0.000098
0.000022
0.000068
0.000020
0.000096
0.000017
0.000057
0.000016
0.000054
0.000015
0.000070
0.000020
0.000052
0.000015
0.000074
0.000018
0.000096
0.000020
0.000069
0.000021
0.000367
0.000307
0.000219
0.000181
0.000063
0.000030
0.000119
0.000054
0.000140
0.000024
0.000059
0.000021
0.000076
0.000016
0.000054
0.000016
0.000049
0.000015
0.000074
0.000016
0.000074
0.000016
0.000030
0.000106
0.000016
0.000078
0.000104
0.000019
0.000056
0.000017
0.000064
0.000016
0.000100
0.000018
0.000162
0.000016
0.000075
0.000019
0.000060
0.000015
0.000013
0.000105
0.000014
0.000083
0.000094
0.000017
0.000062
0.000016
0.000079
0.000025
0.000077
0.000017
0.000057
0.000017
0.000069
0.000016
0.000054
0.000015
0.000067
0.000016
0.000100
0.000029
0.000054
0.000016
0.001101
0.000025
0.000062
0.000016
0.000052
0.000015
0.000067
0.000016
0.000056
0.000016
0.000084
0.000016
0.000015
0.000067
0.000056
0.000015
0.000062
0.000016
0.000074
0.000015
0.000074
0.000017
0.000072
0.000018
0.000349
0.000295
0.000270
0.000218
0.000138
0.000086
0.000441
0.000391
0.000064
0.000024
0.000077
0.000027
0.000060
0.000015
0.000094
0.000016
0.000087
0.000017
0.000104
0.000028
0.000015
0.000054
0.000058
0.000015
0.000050
0.000015
0.000072
0.000017
0.000081
0.000020
0.000105
0.000015
0.000103
0.000026
0.000064
0.000016
0.000026
0.000097
0.000263
0.000022
0.000061
0.000016
0.000056
0.000015
0.000061
0.000015
0.000076
0.000015
0.000015
0.000131
0.000013
0.000110
0.000027
0.000118
0.000065
0.000016
0.000015
0.000144
0.000059
0.000014
0.000072
0.000023
0.000068
0.000017
0.000063
0.000016
0.000089
0.000041
0.000062
0.000016
0.000061
0.000015
0.000051
0.000015
0.002439
0.000018
0.000014
0.000116
0.000064
0.000017
0.000053
0.000015
0.000065
0.000017
0.000029
0.000128
0.000015
0.000131
0.000382
0.000325
0.000208
0.000159
0.000188
0.000155
0.000065
0.000027
0.000184
0.000128
0.000073
0.000023
0.000057
0.000016
0.000028
0.000112
0.000071
0.000017
0.000055
0.000015
0.000069
0.000017
0.000016
0.000145
0.000061
0.000015
0.000062
0.000015
0.000063
0.000017
0.000049
0.000015
0.000057
0.000018
0.000062
0.000015
0.000053
0.000015
0.000081
0.000019
0.000055
0.000015
0.000058
0.000015
0.000065
0.000016
0.000105
0.000014
0.000073
0.000023
0.000051
0.000015
0.000063
0.000017
0.000143
0.000016
0.000017
0.002319
0.001963
0.000024
0.000075
0.000020
0.000018
0.000118
0.000064
0.000019
0.000059
0.000017
0.000069
0.000018
0.000135
0.000017
0.000064
0.000016
0.000058
0.000016
0.000075
0.000017
0.000073
0.000019
0.000072
0.000017
0.000014
0.000112
0.000062
0.000017
0.000054
0.000016
0.000143
0.000078
0.000078
0.000046
0.000081
0.000033
0.000084
0.000031
0.000104
0.000051
0.000074
0.000024
0.000133
0.000248
0.000111
0.000020
0.000018
0.000113
0.000076
0.000018
0.000053
0.000016
0.000052
0.000015
0.000058
0.000015
0.000049
0.000016
0.000075
0.000017
0.000014
0.000135
0.000061
0.000015
0.000085
0.000015
0.000057
0.000016
0.000061
0.000016
0.000072
0.000020
0.000055
0.000016
0.000068
0.000020
0.000054
0.000015
0.000063
0.000016
0.000015
0.000113
0.000083
0.000020
0.000052
0.000016
0.000084
0.000019
0.000076
0.000018
0.000082
0.000016
0.000158
0.000015
0.000071
0.000017
0.000069
0.000017
0.000075
0.000021
0.000075
0.000018
0.000016
0.000045
0.000048
0.000018
0.000078
0.000018
0.000102
0.000020
0.000055
0.000017
0.000061
0.000020
0.000064
0.000023
0.000050
0.000016
0.000147
0.000103
0.000079
0.000046
0.000108
0.000035
0.000064
0.000027
0.000111
0.000064
0.000053
0.000022
0.000070
0.000019
0.000052
0.000014
0.000351
0.000016
0.000074
0.000020
0.000067
0.000020
0.000020
0.000060
0.000018
0.000086
0.000052
0.000014
0.000052
0.000014
0.000051
0.000018
0.000061
0.000015
0.000058
0.000016
0.000052
0.000014
0.000049
0.000014
0.000064
0.000013
0.000051
0.000014
0.000058
0.000017
0.000149
0.000019
0.000124
0.000019
0.000077
0.000020
0.000071
0.000020
0.000065
0.000018
0.000062
0.000016
0.000096
0.000025
0.000075
0.000017
0.000057
0.000018
0.000078
0.000016
0.000148
0.000019
0.000055
0.000017
0.000077
0.000016
0.000050
0.000016
0.000050
0.000016
0.000087
0.000017
0.000085
0.000017
0.000082
0.000014
0.000082
0.000017
0.000019
0.000056
0.000058
0.000017
0.000458
0.000392
0.000242
0.000205
0.000184
0.000151
0.000118
0.000080
0.000090
0.000054
0.000241
0.000035
0.000087
0.000029
0.000061
0.000019
0.000053
0.000016
0.000095
0.000017
0.000042
0.000016
0.000052
0.000016
0.000062
0.000017
0.000062
0.000018
0.000065
0.000015
0.000073
0.000018
0.000074
0.000020
0.000054
0.000019
0.000066
0.000019
0.000060
0.000017
0.000099
0.000014
0.000099
0.000018
0.000060
0.000017
0.000067
0.000016
0.000057
0.000016
0.000103
0.000019
0.000080
0.000015
0.000014
0.000088
0.000015
0.000089
0.000015
0.000096
0.000076
0.000019
0.000058
0.000017
0.000016
0.000064
0.000072
0.000020
0.000079
0.000018
0.000081
0.000018
0.000015
0.000125
0.000085
0.000016
0.000087
0.000015
0.000086
0.000019
0.000053
0.000017
0.000018
0.000068
0.000015
0.000106
0.000061
0.000020
0.000571
0.000538
0.000484
0.000432
0.000237
0.000204
0.000184
0.000154
0.000105
0.000057
0.000122
0.000032
0.000092
0.000035
0.000106
0.000190
0.000067
0.000027
0.000117
0.000076
0.000140
0.000093
0.000078
0.000029
0.000075
0.000023
0.000118
0.000020
0.000019
0.000166
0.000099
0.000021
0.000071
0.000020
0.000072
0.000024
0.000051
0.000019
0.000065
0.000018
0.000075
0.000020
0.000024
0.000126
0.000054
0.000020
0.000122
0.000017
0.000105
0.000030
0.000123
0.000020
0.000062
0.000018
0.000058
0.000018
0.000050
0.000018
0.000053
0.000020
0.000085
0.000028
0.000049
0.000018
0.000055
0.000018
0.000069
0.000019
0.000062
0.000019
0.000097
0.000031
0.000054
0.000019
0.000067
0.000023
0.000152
0.000015
0.000019
0.000134
0.000086
0.000019
0.000080
0.000020
0.000116
0.000033
0.000019
0.000065
0.001313
0.001278
0.000576
0.000530
0.000308
0.000279
0.000337
0.000293
0.000177
0.000152
0.000189
0.000144
0.000088
0.000050
0.000203
0.000157
0.000110
0.000146
0.000066
0.000032
0.000072
0.000042
0.000070
0.000034
0.000099
0.000032
0.000055
0.000028
0.000053
0.000024
0.000059
0.000025
0.000061
0.000028
0.000060
0.000028
0.000078
0.000029
0.000056
0.000028
0.000055
0.000028
0.000061
0.000028
0.000046
0.000023
0.000059
0.000022
0.000090
0.000029
0.000138
0.000024
0.000073
0.000024
0.000029
0.000026
0.000055
0.000022
0.000073
0.000026
0.000119
0.000025
0.000061
0.000023
0.000054
0.000023
0.000073
0.000024
0.000078
0.000027
0.000138
0.000033
0.000053
0.000023
0.000182
0.000030
0.000057
0.000023
0.000069
0.000029
0.000072
0.000027
0.000120
0.000027
0.000074
0.000025
0.001048
0.000026
0.002241
0.002215
0.000768
0.000742
0.000976
0.000943
0.000393
0.000363
0.000223
0.000197
0.000150
0.000112
0.000127
0.000088
0.000120
0.000073
0.000091
0.000050
0.000073
0.000038
0.000070
0.000041
0.000137
0.000062
0.000055
0.000037
0.000074
0.000046
0.000073
0.000033
0.000067
0.000033
0.000115
0.000034
0.000065
0.000035
0.000080
0.000037
0.000074
0.000039
0.000070
0.000035
0.000073
0.000032
0.000066
0.000036
0.000081
0.000030
0.000061
0.000035
0.000117
0.000036
0.000053
0.000029
0.000051
0.000028
0.000062
0.000029
0.000097
0.000040
0.000071
0.000031
0.000073
0.000032
0.000057
0.000032
0.000054
0.000029
0.000106
0.000028
0.000055
0.000030
0.000056
0.000033
0.000065
0.000030
0.000063
0.000034
0.000088
0.000030
0.000070
0.000027
0.000028
0.000144
0.000030
0.000147
0.000076
0.000038
0.003448
0.003431
0.001156
0.001141
0.000641
0.000623
0.000485
0.000654
0.000434
0.000417
0.000234
0.000218
0.000164
0.000143
0.000104
0.000088
0.000090
0.000113
0.000098
0.000062
0.000096
0.000074
0.000100
0.000073
0.000118
0.000077
0.000073
0.000055
0.000066
0.000051
0.000066
0.000053
0.000067
0.000054
0.000065
0.000048
0.000108
0.000062
0.000069
0.000056
0.000062
0.000053
0.000066
0.000056
0.000089
0.000062
0.000042
0.000059
0.000064
0.000048
0.002808
0.000126
0.000061
0.000051
0.000066
0.000054
0.000070
0.000052
0.000064
0.000046
0.000065
0.000051
0.000078
0.000044
0.000066
0.000051
0.000063
0.000047
0.000064
0.000050
0.000404
0.000040
0.000133
0.000054
0.000079
0.000049
0.000075
0.000051
0.000130
0.000042
0.000081
0.000054
0.000059
0.000044
0.000080
0.000050
0.000044
0.000130
0.001786
0.001794
0.002422
0.002429
0.001312
0.001321
0.001410
0.001404
0.000668
0.000670
0.000411
0.000417
0.000226
0.000228
0.000170
0.000173
0.000121
0.000141
0.000142
0.000140
0.000163
0.000172
0.000102
0.000106
0.000106
0.000113
0.000120
0.000100
0.000110
0.000091
0.000089
0.000096
0.000094
0.000097
0.000111
0.000104
0.000108
0.000093
0.000090
0.000098
0.000089
0.000097
0.000195
0.000202
0.000094
0.000092
0.000097
0.000091
0.000083
0.000090
0.000089
0.000070
0.000111
0.000109
0.000088
0.000097
0.000096
0.000097
0.000087
0.000071
0.000092
0.000102
0.000086
0.000093
0.000085
0.000091
0.000098
0.000190
0.000102
0.000111
0.000119
0.000092
0.000090
0.000076
0.000086
0.000092
0.000094
0.000073
0.000082
0.000089
0.000106
0.000084
0.000089
0.000157
0.000107
0.000102
0.000081
0.000078
0.014082
0.013727
0.004629
0.004692
0.002401
0.002453
0.001849
0.001888
0.001365
0.001415
0.000795
0.000848
0.000568
0.000604
0.000431
0.000474
0.000209
0.000254
0.000229
0.000280
0.000209
0.000266
0.000316
0.000360
0.000191
0.000246
0.000185
0.000247
0.000196
0.000243
0.000180
0.000227
0.000224
0.000279
0.000193
0.000223
0.000185
0.000239
0.000849
0.000882
0.000238
0.000283
0.000667
0.000185
0.000180
0.000229
0.000141
0.000184
0.000141
0.000193
0.000297
0.000177
0.000143
0.000185
0.000144
0.000138
0.000209
0.000201
0.000169
0.000231
0.000141
0.000197
0.000153
0.000202
0.000138
0.000189
0.000214
0.000161
0.000199
0.000217
0.000260
0.000318
0.000141
0.000205
0.000147
0.000203
0.000210
0.000193
0.000172
0.000188
0.000212
0.000238
0.000135
0.000188
0.000190
0.000234
0.000272
0.000186
0.015430
0.015545
0.007694
0.007779
0.004758
0.004856
0.002708
0.002807
0.001721
0.001821
0.001131
0.001234
0.000745
0.000848
0.000420
0.000517
0.000433
0.000540
0.000539
0.000416
0.000290
0.000397
0.000302
0.000416
0.000308
0.000411
0.000321
0.000357
0.000256
0.000359
0.000276
0.000388
0.000305
0.000396
0.000249
0.000416
0.000285
0.000381
0.000399
0.000508
0.000323
0.000424
0.000315
0.000449
0.000250
0.000356
0.000224
0.000338
0.000189
0.000285
0.000177
0.000277
0.000165
0.000267
0.000199
0.000300
0.000238
0.000202
0.000197
0.000293
0.000244
0.000359
0.000208
0.000286
0.000201
0.000311
0.000217
0.000303
0.000214
0.000299
0.000271
0.000284
0.000289
0.000279
0.000206
0.000299
0.000303
0.000312
0.000205
0.000308
0.000194
0.000391
0.000203
0.000295
0.000217
0.000322
0.000290
0.000327
0.020345
0.020548
0.010599
0.010794
0.006234
0.006433
0.005366
0.005563
0.002384
0.002586
0.002145
0.002341
0.001167
0.001370
0.000690
0.000876
0.000565
0.000736
0.000554
0.000740
0.000487
0.000687
0.000490
0.000689
0.000481
0.000674
0.000469
0.000685
0.000417
0.000628
0.000632
0.000802
0.000712
0.000909
0.000510
0.000776
0.000461
0.000643
0.000474
0.000656
0.000430
0.000745
0.000446
0.000638
0.000396
0.000620
0.000366
0.000562
0.000317
0.000519
0.000303
0.000496
0.000285
0.000511
0.000435
0.000542
0.000304
0.000468
0.000325
0.000523
0.000455
0.000508
0.000356
0.000568
0.000375
0.000532
0.000573
0.000356
0.000355
0.000537
0.000615
0.000402
0.000347
0.000543
0.000362
0.000541
0.000377
0.000611
0.000369
0.000605
0.000502
0.000635
0.000406
0.000611
0.000763
0.003302
0.000341
0.000593
0.047746
0.048206
0.023243
0.022744
0.012194
0.012663
0.013345
0.013884
0.006881
0.007277
0.002960
0.003410
0.003555
0.003958
0.001430
0.001880
0.001044
0.001495
0.001081
0.001495
0.001000
0.001430
0.001018
0.001464
0.000987
0.001458
0.001038
0.001503
0.001097
0.001561
0.000879
0.001319
0.000991
0.001410
0.000915
0.001330
0.001027
0.001477
0.002136
0.001598
0.000891
0.001337
0.000919
0.001324
0.001079
0.001567
0.000726
0.001137
0.000805
0.001249
0.000670
0.001128
0.000875
0.001316
0.000666
0.001203
0.001068
0.000653
0.000520
0.000967
0.000581
0.000988
0.000576
0.001036
0.000701
0.001119
0.000570
0.000998
0.000569
0.001114
0.000573
0.001011
0.000719
0.001087
0.000619
0.001032
0.000578
0.001032
0.000664
0.001145
0.000587
0.001027
0.000587
0.001019
0.000607
0.001032
0.000626
0.001285
0.090886
0.091833
0.020184
0.021117
0.021860
0.022743
0.012142
0.013191
0.014687
0.015830
0.007445
0.008399
0.005274
0.006225
0.002769
0.003815
0.003213
0.004114
0.002137
0.003061
0.002087
0.003031
0.003562
0.002495
0.002096
0.003050
0.003235
0.002263
0.001789
0.002753
0.002069
0.003035
0.001790
0.002758
0.001718
0.002679
0.001704
0.002709
0.001700
0.002684
0.001886
0.002871
0.002844
0.001697
0.001983
0.002922
0.002525
0.001359
0.001321
0.002293
0.001191
0.002188
0.002744
0.001592
0.001105
0.002068
0.001128
0.002338
0.001172
0.002258
0.001116
0.002258
0.001229
0.002167
0.001247
0.002126
0.001324
0.002356
0.001173
0.002132
0.001168
0.002130
0.001231
0.002126
0.001174
0.002105
0.001196
0.002119
0.001800
0.002711
0.001131
0.002316
0.001397
0.002376
0.001164
0.002120
0.001271
0.002284
0.138772
0.140244
0.038491
0.039938
0.016767
0.018508
0.020285
0.021751
0.014291
0.015645
0.013016
0.014503
0.007152
0.008401
0.005201
0.006625
0.003268
0.004550
0.003238
0.004685
0.004358
0.002954
0.003163
0.004632
0.003001
0.004442
0.002652
0.004108
0.002635
0.004077
0.002961
0.004415
0.006066
0.007725
0.002689
0.004174
0.002628
0.004083
0.004186
0.002735
0.004853
0.003452
0.002438
0.003880
0.002840
0.004382
0.002140
0.003576
0.002286
0.003783
0.001941
0.003490
0.001776
0.003207
0.001886
0.003525
0.001671
0.003149
0.001913
0.003390
0.001657
0.003057
0.001697
0.003169
0.003348
0.004309
0.001749
0.003200
0.002100
0.003905
0.001769
0.003190
0.001797
0.003297
0.002010
0.003562
0.001710
0.003249
0.001790
0.003411
0.003358
0.001867
0.001741
0.003128
0.002160
0.003887
0.001714
0.003219
0.206952
0.209448
0.095964
0.098434
0.039659
0.041960
0.028275
0.025481
0.016470
0.018942
0.021387
0.023632
0.011850
0.014150
0.006769
0.009333
0.005721
0.006781
0.010121
0.007485
0.008356
0.005968
0.008260
0.005232
0.004945
0.007760
0.006380
0.008955
0.005721
0.008161
0.004357
0.006855
0.005677
0.008213
0.004555
0.007432
0.004610
0.007367
0.005552
0.008844
0.007914
0.005289
0.004346
0.006660
0.005161
0.007620
0.004140
0.006596
0.003673
0.006528
0.003282
0.005753
0.002970
0.005570
0.002841
0.005325
0.002784
0.005261
0.002729
0.005186
0.002727
0.005279
0.002746
0.005357
0.002818
0.005441
0.003332
0.005820
0.003038
0.005485
0.003142
0.006023
0.003463
0.006705
0.002942
0.005742
0.003091
0.005542
0.003101
0.005544
0.003429
0.005824
0.002859
0.005564
0.003034
0.005577
0.002922
0.005432
0.319752
0.325440
0.169927
0.175738
0.099120
0.103796
0.099590
0.093488
0.071006
0.076039
0.040691
0.045426
0.024409
0.029410
0.013186
0.018253
0.010473
0.015539
0.010408
0.015250
0.010034
0.014870
0.011183
0.015459
0.011105
0.016178
0.009651
0.014635
0.011515
0.016467
0.009028
0.013996
0.012185
0.017190
0.013824
0.008830
0.011374
0.016357
0.008920
0.013912
0.013994
0.008995
0.010203
0.015214
0.007717
0.012726
0.009419
0.013578
0.007404
0.012414
0.011401
0.006427
0.011231
0.006038
0.005711
0.011580
0.005838
0.011753
0.005411
0.010407
0.006321
0.011312
0.005627
0.010653
0.005502
0.010552
0.005849
0.011842
0.005745
0.010904
0.006345
0.011569
0.006532
0.011629
0.006441
0.011658
0.005675
0.010959
0.006409
0.012379
0.005871
0.011084
0.005795
0.011702
0.005639
0.011617
0.006629
0.011763
0.966515
0.975747
0.333205
0.323778
0.226806
0.236549
0.173547
0.185646
0.139251
0.129371
0.079802
0.070003
0.051317
0.061748
0.037372
0.027689
0.032334
0.023395
0.031781
0.021710
0.029531
0.019737
0.031993
0.021774
0.019608
0.029437
0.018470
0.028811
0.028456
0.017498
0.016353
0.027340
0.025569
0.017238
0.017904
0.028491
0.029100
0.018859
0.032321
0.021598
0.030050
0.017749
0.016904
0.028449
0.022237
0.032534
0.014867
0.023598
0.014096
0.024438
0.013006
0.023037
0.022439
0.012157
0.011508
0.021622
0.012024
0.023288
0.012252
0.022346
0.010956
0.021425
0.012472
0.022754
0.010871
0.021365
0.012824
0.023575
0.011218
0.022080
0.012620
0.022924
0.011629
0.021851
0.011809
0.022649
0.012411
0.022664
0.012306
0.022878
0.011628
0.021896
0.012507
0.023088
0.011825
0.022483
0.013037
0.023403
1.404851
1.419655
0.628415
0.643232
0.355416
0.340455
0.210596
0.223691
0.117429
0.132662
0.122098
0.134967
0.092088
0.107656
0.042260
0.056395
0.049663
0.035109
0.050210
0.034679
0.032108
0.047611
0.047479
0.031767
0.033232
0.046568
0.028729
0.045402
0.040674
0.027047
0.025858
0.041379
0.027082
0.043278
0.044414
0.029252
0.027796
0.043197
0.039396
0.025714
0.026418
0.041814
0.029140
0.044493
0.042269
0.027420
0.028465
0.042887
0.030747
0.048380
0.037838
0.019769
0.016040
0.030765
0.017708
0.032824
0.017416
0.032972
0.032190
0.016653
0.017784
0.033515
0.016548
0.031946
0.016943
0.032381
0.019058
0.034468
0.018200
0.033864
0.017507
0.032862
0.018146
0.033570
0.018717
0.034574
0.018497
0.034496
0.017428
0.033447
0.020235
0.037218
0.034138
0.018544
0.018273
0.034387
0.034004
0.017469
2.319285
2.343786
0.917245
0.893600
0.568807
0.594389
0.462242
0.489465
0.348961
0.373901
0.229829
0.254007
0.129634
0.152023
0.078592
0.103035
0.052336
0.077110
0.058673
0.080832
0.044062
0.068172
0.051084
0.074370
0.048742
0.070761
0.048985
0.073026
0.048537
0.073874
0.094597
0.066102
0.045973
0.075331
0.043314
0.066582
0.071770
0.046979
0.046086
0.067941
0.072674
0.046655
0.041571
0.065911
0.043715
0.067481
0.063957
0.038380
0.034220
0.057678
0.057539
0.032633
0.037212
0.065380
0.036972
0.067130
0.031140
0.065459
0.031061
0.061392
0.029646
0.053466
0.030708
0.057596
0.030297
0.057319
0.033047
0.060498
0.031814
0.058157
0.056286
0.029399
0.027064
0.055900
0.030041
0.057086
0.029347
0.057225
0.030505
0.056285
0.032856
0.064558
0.031474
0.060407
0.035976
0.063681
0.033188
0.064833
4.140050
4.092950
2.018742
1.969670
1.140081
1.092900
0.858656
0.812680
0.698194
0.646476
0.416526
0.470324
0.298814
0.247393
0.204597
0.158430
0.196486
0.132416
0.154123
0.104811
0.144125
0.096507
0.145237
0.096217
0.150385
0.103966
0.156985
0.110250
0.133433
0.083825
0.142440
0.091038
0.133587
0.084731
0.133703
0.087616
0.133048
0.083833
0.130620
0.085313
0.145890
0.094848
0.127424
0.080457
0.126053
0.079555
0.122094
0.074764
0.112684
0.066032
0.107836
0.060571
0.105598
0.058732
0.065837
0.113272
0.058566
0.117546
0.100836
0.055355
0.101926
0.053663
0.104986
0.058433
0.065344
0.111736
0.111758
0.063371
0.110303
0.062489
0.065582
0.117321
0.119665
0.064059
0.054976
0.108435
0.127688
0.066625
0.113952
0.059862
0.059049
0.113249
0.115518
0.060704
0.064732
0.123714
0.061923
0.128884
9.278332
9.181766
4.017873
3.920655
2.288606
2.193263
1.785284
1.689376
1.393344
1.299503
0.890348
0.794852
0.584646
0.492375
0.387761
0.281719
0.321699
0.228339
0.340356
0.240585
0.293300
0.194569
0.296653
0.197880
0.298091
0.206642
0.294495
0.189925
0.284218
0.188050
0.268841
0.173983
0.282452
0.181141
0.274903
0.172718
0.268559
0.172893
0.293338
0.197680
0.276504
0.181401
0.267071
0.172399
0.175846
0.271569
0.251157
0.145734
0.235182
0.137105
0.219172
0.124122
0.217904
0.123236
0.219711
0.112440
0.208064
0.112854
0.207397
0.112571
0.201739
0.108241
0.227845
0.125000
0.215558
0.121623
0.128988
0.224385
0.226920
0.130775
0.240583
0.139040
0.223689
0.124503
0.221233
0.119623
0.213710
0.108281
0.242572
0.130775
0.119905
0.226433
0.231680
0.123392
0.225997
0.120123
0.125467
0.250414
14.109056
13.960134
6.041201
5.900811
3.368223
3.221730
2.624687
2.482166
2.133615
1.993345
1.372398
1.231660
0.918721
0.773256
0.423265
0.565858
0.502212
0.339260
0.499066
0.356582
0.451413
0.307270
0.460822
0.319367
0.437398
0.288829
0.515355
0.368772
0.462820
0.295931
0.405397
0.263399
0.439591
0.275780
0.419025
0.272912
0.438765
0.282892
0.394892
0.252106
0.419120
0.280778
0.391403
0.248688
0.259013
0.399046
0.365066
0.216721
0.337472
0.195175
0.352117
0.212048
0.315582
0.175597
0.316405
0.173118
0.326933
0.176916
0.303998
0.163786
0.302910
0.162045
0.327828
0.177999
0.321632
0.174542
0.339362
0.195679
0.347615
0.193805
0.335737
0.189761
0.190461
0.337040
0.341662
0.178825
0.345415
0.175343
0.344631
0.184272
0.333247
0.176832
0.335297
0.174024
0.177756
0.355165
0.354181
0.174982
22.375580
22.132538
9.924640
9.692703
5.907903
5.674785
4.507488
4.270651
3.395561
3.162397
2.236066
1.998866
1.513705
1.279102
0.987161
0.746975
0.824384
0.582152
0.829351
0.590890
0.760224
0.526127
0.747048
0.495886
0.749472
0.499369
0.747690
0.507911
0.671868
0.432845
0.675208
0.428469
0.732195
0.486031
0.667691
0.432164
0.692266
0.433069
0.670277
0.436484
0.657939
0.426348
0.671354
0.423015
0.673452
0.431670
0.601956
0.362404
0.589300
0.337910
0.550652
0.318689
0.541125
0.292038
0.531527
0.300821
0.532491
0.296426
0.519884
0.277761
0.497937
0.263713
0.529230
0.275165
0.527267
0.289295
0.567811
0.316809
0.568615
0.335733
0.559361
0.316882
0.571435
0.324259
0.549327
0.308546
0.565318
0.297843
0.556366
0.292390
0.528031
0.269640
0.573316
0.291435
0.569704
0.304510
0.550551
0.291590
44.820619
44.329641
19.525514
19.059825
11.274995
10.810908
9.009420
8.538780
6.915416
6.449602
4.542909
4.083943
3.029921
2.569149
1.937695
1.472974
1.624418
1.154688
1.614082
1.139984
1.512006
1.041990
1.501389
1.031599
1.453716
0.988634
1.457025
0.993988
1.365397
0.900136
1.357197
0.891456
1.361774
0.896687
1.346656
0.876173
1.349943
0.882656
1.352990
0.874973
1.332217
0.864646
1.300879
0.839686
1.334393
0.865726
1.110469
0.685698
1.102454
0.665350
1.035265
0.585226
0.992866
0.567116
0.997889
0.565136
0.954548
0.525576
1.010571
0.573548
0.940628
0.516125
0.952736
0.525855
0.986875
0.551163
1.054704
0.629818
1.032699
0.606824
1.027392
0.605803
1.036856
0.599632
1.027584
0.590456
1.029786
0.583897
1.028371
0.566969
1.042117
0.546597
1.021730
0.515913
1.065084
0.567592
1.076892
0.551663
92.231725
91.368487
37.636616
36.764869
21.084177
20.208134
16.084212
15.220406
11.944673
11.066833
7.453326
6.576495
4.960462
4.098762
3.341817
2.472370
2.825090
1.958304
2.828362
1.963454
2.686962
1.815591
2.676624
1.822646
2.783596
1.909253
2.588017
1.719193
2.493921
1.625362
2.446935
1.574383
2.442453
1.576330
2.424372
1.548821
2.463568
1.603023
2.389601
1.517634
2.416777
1.540099
2.379015
1.517414
2.370530
1.509540
2.156076
1.293621
2.036725
1.167305
2.007326
1.132928
1.943731
1.073529
1.902995
1.040640
1.900445
1.038857
1.907922
1.039547
1.851308
0.983895
1.880365
1.006837
1.908101
1.048988
2.065198
1.196704
2.039774
1.184690
2.031909
1.171360
2.030282
1.162819
2.043164
1.161101
2.028258
1.148154
2.035227
1.135413
2.047253
1.122869
2.012800
1.052014
2.016669
0.995019
2.131699
1.111069
138.001205
136.727659
58.097025
56.721256
35.092843
33.690973
26.946820
25.566443
20.415742
19.033142
13.449286
12.066924
8.836046
7.419187
5.714904
4.333957
4.668162
3.278344
4.769637
3.369045
4.474555
3.083411
4.420379
3.006053
4.379537
3.000900
4.261564
2.862093
4.006755
2.604765
3.988396
2.583981
3.947396
2.552327
3.978601
2.591568
3.937787
2.549393
3.855173
2.464588
3.954615
2.569506
3.888132
2.491338
3.846277
2.455559
3.536279
2.144257
3.378555
1.990398
3.274645
1.889659
3.171365
1.742569
3.064563
1.679419
3.053126
1.642111
2.998378
1.612458
2.949004
1.573376
3.034956
1.638671
3.112803
1.732371
3.336685
1.947459
3.336920
1.938187
3.280337
1.898622
3.310491
1.930309
3.282334
1.903121
3.285089
1.874401
3.307775
1.903107
3.269000
1.847664
3.246637
1.793076
3.187450
1.669622
3.194717
1.657519
185.759688
183.907902
78.165858
76.469840
42.726520
41.026652
26.477199
24.823452
19.792557
18.413685
12.224013
10.843643
8.196156
6.817964
5.223586
3.838197
4.384610
3.007493
4.518821
3.135682
4.176348
2.793460
4.103114
2.719989
4.012504
2.634823
3.992110
2.608759
3.773351
2.383452
3.742647
2.361479
3.721663
2.338613
3.743069
2.362811
3.716904
2.318683
3.654791
2.266347
3.695219
2.310706
3.691739
2.298469
3.609447
2.230030
3.430767
2.051108
3.335400
1.959018
3.230407
1.839546
3.116227
1.736877
3.079956
1.690025
3.055457
1.669953
3.048592
1.665413
3.026355
1.651983
3.134964
1.751740
3.335141
1.953400
3.520911
2.140546
3.517743
2.121650
3.508321
2.122361
3.513055
2.130416
3.496541
2.111923
3.477553
2.094059
3.660002
2.207354
3.883355
2.211935
3.424399
2.011166
3.377060
1.881416
3.132268
1.698234
