0.000006
0.000005
0.000007
0.000003
0.000007
0.000004
0.000006
0.000002
0.000006
0.000005
0.000006
0.000003
0.000025
0.000004
0.000012
0.000003
0.000009
0.000002
0.000009
0.000002
0.000009
0.000003
0.000009
0.000003
0.000012
0.000004
0.000009
0.000003
0.000011
0.000004
0.000014
0.000007
0.000013
0.000004
0.000013
0.000003
0.000012
0.000005
0.000014
0.000005
0.000013
0.000007
0.000019
0.000006
0.001216
0.000011
0.000020
0.000004
0.000006
0.000003
0.000008
0.000003
0.000006
0.000005
0.000010
0.000003
0.000009
0.000002
0.000007
0.000002
0.000011
0.000003
0.000020
0.000005
0.000009
0.000003
0.000008
0.000002
0.000009
0.000006
0.000011
0.000003
0.000009
0.000003
0.000022
0.000005
0.000011
0.000004
0.000011
0.000005
0.003203
0.000014
0.000010
0.000005
0.000012
0.000005
0.000012
0.000005
0.000010
0.000004
0.000024
0.000005
0.000008
0.000004
0.000007
0.000003
0.000007
0.000002
0.000006
0.000002
0.000006
0.000002
0.000031
0.000004
0.000022
0.000004
0.000800
0.000007
0.000009
0.000002
0.000010
0.000003
0.000014
0.000003
0.000009
0.000003
0.000008
0.000002
0.000008
0.000004
0.000009
0.000006
0.000012
0.000007
0.000014
0.000012
0.000009
0.000003
0.000009
0.000003
0.000010
0.000005
0.000014
0.000005
0.000013
0.000003
0.000019
0.000011
0.000009
0.000005
0.000009
0.000003
0.000014
0.000004
0.000013
0.000005
0.000006
0.000004
0.000006
0.000002
0.000007
0.000003
0.000008
0.000002
0.000014
0.000003
0.000009
0.000003
0.000008
0.000003
0.000009
0.000003
0.000008
0.000003
0.000014
0.000006
0.000068
0.000007
0.000023
0.000004
0.000012
0.000006
0.000012
0.000004
0.000011
0.000004
0.000010
0.000005
0.000012
0.000008
0.000018
0.000010
0.000012
0.000005
0.000010
0.000006
0.000009
0.000006
0.000009
0.000004
0.000007
0.000003
0.000007
0.000004
0.000275
0.000005
0.000045
0.000009
0.000008
0.000006
0.000010
0.000003
0.000010
0.000003
0.000495
0.000008
0.000010
0.000004
0.000010
0.000003
0.000014
0.000007
0.000013
0.000005
0.000032
0.000004
0.000099
0.000004
0.000011
0.000005
0.000010
0.000008
0.000011
0.000005
0.000012
0.000004
0.000010
0.000003
0.000013
0.000006
0.000016
0.000012
0.000012
0.000011
0.000009
0.000005
0.000011
0.000005
0.000007
0.000003
0.000007
0.000005
0.000008
0.000003
0.000010
0.000008
0.000006
0.000003
0.000008
0.000009
0.000010
0.000003
0.000009
0.000002
0.000017
0.000009
0.000012
0.000004
0.000013
0.000008
0.000013
0.000013
0.001591
0.000025
0.000011
0.000003
0.000012
0.000006
0.000011
0.000005
0.000005
0.000011
0.000023
0.000005
0.000011
0.000004
0.000025
0.000022
0.000017
0.000014
0.000012
0.000008
0.000010
0.000009
0.000010
0.000006
0.000007
0.000004
0.000007
0.000004
0.000006
0.000002
0.000008
0.000006
0.000038
0.000004
0.000009
0.000003
0.000022
0.000006
0.000010
0.000003
0.000009
0.000003
0.000012
0.000005
0.000011
0.000006
0.000011
0.000003
0.000023
0.000003
0.000056
0.000005
0.000011
0.000003
0.000011
0.000006
0.000011
0.000004
0.000166
0.000006
0.000040
0.000040
0.000023
0.000021
0.000017
0.000015
0.000171
0.000013
0.000014
0.000005
0.000008
0.000008
0.000090
0.000010
0.000012
0.000006
0.000007
0.000006
0.000006
0.000003
0.000008
0.000006
0.000008
0.000008
0.000009
0.000008
0.000010
0.000006
0.000012
0.000004
0.000009
0.000003
0.000019
0.000020
0.001289
0.000014
0.000013
0.000008
0.000014
0.000007
0.000010
0.000007
0.000016
0.000009
0.000010
0.000006
0.000041
0.000043
0.000026
0.000024
0.000016
0.000014
0.000013
0.000010
0.000013
0.000009
0.000009
0.000006
0.000011
0.000007
0.000011
0.000008
0.000007
0.000005
0.000013
0.000004
0.000008
0.000005
0.000021
0.000011
0.000023
0.000007
0.000884
0.000016
0.000010
0.000007
0.000011
0.000003
0.000010
0.000005
0.000009
0.000004
0.000028
0.000007
0.000011
0.000003
0.000010
0.000003
0.000010
0.000006
0.000027
0.000006
0.000050
0.000053
0.000024
0.000023
0.000063
0.000018
0.000147
0.000010
0.000013
0.000007
0.000010
0.000006
0.000008
0.000006
0.000012
0.000014
0.000009
0.000006
0.000008
0.000007
0.000007
0.000006
0.000008
0.000005
0.000008
0.000005
0.000008
0.000005
0.000009
0.000007
0.000030
0.000005
0.000015
0.000008
0.000010
0.000006
0.000010
0.000006
0.000010
0.000005
0.000010
0.000003
0.000010
0.000006
0.000012
0.000006
0.000045
0.000043
0.000026
0.000023
0.000022
0.000017
0.000028
0.000011
0.000010
0.000006
0.000009
0.000007
0.000007
0.000003
0.000009
0.000006
0.000016
0.000007
0.000008
0.000006
0.000008
0.000005
0.002017
0.000014
0.000008
0.000006
0.002989
0.000014
0.000008
0.000005
0.000011
0.000007
0.000014
0.000012
0.000010
0.000005
0.000026
0.000006
0.000014
0.000006
0.000013
0.000006
0.000012
0.000006
0.000013
0.000009
0.000113
0.000041
0.000030
0.000032
0.000023
0.000039
0.000017
0.000013
0.000010
0.000006
0.000009
0.000005
0.000008
0.000007
0.000008
0.000006
0.000011
0.000006
0.000022
0.000005
0.000014
0.000014
0.000008
0.000006
0.000010
0.000005
0.000009
0.000007
0.000010
0.000007
0.000017
0.000006
0.000013
0.000006
0.000011
0.000006
0.000591
0.000012
0.000636
0.000018
0.000010
0.000005
0.000011
0.000007
0.000039
0.000009
0.000054
0.000051
0.000046
0.000060
0.000110
0.000020
0.000018
0.000012
0.000011
0.000008
0.000010
0.000008
0.000008
0.000004
0.000008
0.000007
0.000836
0.000007
0.000008
0.000005
0.000015
0.000006
0.000009
0.000023
0.000009
0.000007
0.000010
0.000007
0.000009
0.000006
0.000010
0.000005
0.000010
0.000005
0.000013
0.000005
0.000010
0.000012
0.000010
0.000005
0.000009
0.000005
0.000013
0.000005
0.000010
0.000006
0.000073
0.000060
0.000054
0.000063
0.000021
0.000020
0.000019
0.000012
0.000018
0.000013
0.000009
0.000005
0.000008
0.000004
0.000007
0.000003
0.000009
0.000009
0.000013
0.000009
0.000009
0.000006
0.000012
0.000008
0.000012
0.000008
0.000008
0.000007
0.000009
0.000008
0.000010
0.000005
0.000010
0.000005
0.000014
0.000007
0.000010
0.000006
0.000009
0.000008
0.000010
0.000006
0.000010
0.000006
0.000022
0.000024
0.000121
0.000112
0.000070
0.000065
0.002095
0.000046
0.000027
0.000021
0.000021
0.000041
0.000014
0.000011
0.000011
0.000007
0.000013
0.000009
0.001659
0.000013
0.000011
0.000006
0.000014
0.000020
0.000014
0.000022
0.002334
0.000022
0.000110
0.000016
0.000021
0.000009
0.000013
0.000013
0.000012
0.000011
0.000012
0.000008
0.000012
0.000009
0.000012
0.000009
0.000028
0.000016
0.000014
0.000011
0.000013
0.000014
0.001245
0.000335
0.000132
0.000125
0.000070
0.000062
0.001166
0.000059
0.000035
0.000031
0.000043
0.001243
0.000118
0.000135
0.000019
0.000018
0.000019
0.000062
0.000019
0.000040
0.000017
0.000016
0.000099
0.000069
0.000019
0.000030
0.000571
0.002972
0.000614
0.000420
0.000022
0.000046
0.000034
0.000016
0.000039
0.000054
0.000023
0.000053
0.000395
0.000017
0.000017
0.000032
0.000020
0.000028
0.000040
0.000181
0.000727
0.001027
0.000269
0.000200
0.000254
0.000167
0.000079
0.000073
0.000055
0.000054
0.000037
0.000040
0.000033
0.000071
0.000027
0.000065
0.000030
0.000063
0.000027
0.000103
0.000026
0.000096
0.000030
0.000044
0.000081
0.000059
0.000105
0.000031
0.000026
0.000033
0.000045
0.000929
0.001939
0.000053
0.000038
0.000029
0.000024
0.000031
0.000039
0.000049
0.000025
0.000038
0.000059
0.000671
0.000029
0.000055
0.000776
0.000658
0.000328
0.000304
0.000177
0.000174
0.000131
0.000121
0.000087
0.000074
0.000100
0.000121
0.000045
0.000044
0.000062
0.000060
0.000050
0.000257
0.000063
0.000078
0.002155
0.002065
0.000057
0.000059
0.000070
0.000107
0.000041
0.000040
0.000041
0.000042
0.000075
0.000083
0.000034
0.000038
0.000057
0.000051
0.000039
0.000074
0.000814
0.001209
0.000048
0.000045
0.000039
0.000046
0.000040
0.000044
0.001286
0.001274
0.000661
0.000622
0.000374
0.000334
0.000267
0.000286
0.000191
0.000255
0.000123
0.000130
0.000086
0.000078
0.000079
0.000074
0.000083
0.000077
0.000081
0.000075
0.000085
0.000075
0.000114
0.000100
0.000098
0.000099
0.000346
0.001052
0.000080
0.000072
0.000075
0.000069
0.001067
0.001518
0.000083
0.000143
0.000150
0.000141
0.000125
0.000106
0.000075
0.000067
0.000078
0.000071
0.000079
0.000072
0.002477
0.002420
0.001454
0.001329
0.001270
0.001679
0.000563
0.000506
0.001043
0.001033
0.002775
0.001554
0.000196
0.000155
0.000183
0.000154
0.000954
0.002830
0.000257
0.000226
0.000248
0.000170
0.000265
0.000223
0.000247
0.000199
0.000198
0.000154
0.000180
0.000145
0.000171
0.000162
0.000198
0.000156
0.000176
0.000165
0.000146
0.000130
0.000186
0.000144
0.000541
0.000326
0.000132
0.000161
0.000209
0.000168
0.004283
0.004173
0.002139
0.001969
0.002363
0.002246
0.002034
0.001965
0.000640
0.000554
0.000959
0.000806
0.000350
0.000255
0.000314
0.000228
0.000302
0.000248
0.000327
0.000239
0.000328
0.000281
0.000994
0.001042
0.000353
0.000250
0.000349
0.000260
0.000284
0.000195
0.000283
0.000195
0.000267
0.000184
0.000294
0.001810
0.000258
0.000908
0.000280
0.000198
0.000264
0.000184
0.001302
0.001242
0.000270
0.000191
0.007444
0.007253
0.004828
0.004611
0.001971
0.001783
0.002928
0.002729
0.001049
0.000873
0.000752
0.000597
0.000408
0.000790
0.000526
0.000586
0.000565
0.000391
0.000574
0.000418
0.000526
0.000366
0.000882
0.000714
0.000734
0.001302
0.000505
0.000345
0.000818
0.000801
0.000549
0.000391
0.000530
0.000375
0.000509
0.000332
0.002328
0.008221
0.000467
0.000318
0.000552
0.000402
0.000629
0.000483
0.000473
0.000345
0.014321
0.014823
0.008169
0.008595
0.004337
0.004726
0.002655
0.003013
0.001950
0.002331
0.003121
0.003454
0.000765
0.001082
0.000774
0.001088
0.000720
0.001053
0.001391
0.001729
0.000912
0.001260
0.001618
0.001186
0.000927
0.001265
0.002308
0.002290
0.000943
0.001355
0.000859
0.001229
0.000689
0.000955
0.000650
0.000994
0.000811
0.001171
0.000664
0.000978
0.000628
0.000969
0.000665
0.001042
0.000619
0.000947
0.025300
0.026345
0.016196
0.017035
0.008279
0.009084
0.005775
0.006694
0.003849
0.003866
0.002325
0.003074
0.005270
0.005984
0.002041
0.002812
0.005554
0.005554
0.001673
0.002439
0.002328
0.002312
0.006673
0.002095
0.004211
0.002960
0.001503
0.002244
0.001325
0.002015
0.002118
0.001300
0.001395
0.002140
0.001280
0.002043
0.001383
0.002234
0.002606
0.003469
0.002078
0.001569
0.001705
0.002595
0.001345
0.002026
0.041214
0.042370
0.026155
0.024897
0.011083
0.012547
0.014583
0.015675
0.009045
0.010088
0.005302
0.006419
0.002341
0.003462
0.002406
0.003627
0.006319
0.005095
0.011850
0.013027
0.002653
0.004132
0.003751
0.002298
0.002740
0.004165
0.005785
0.004226
0.003072
0.001896
0.003243
0.002751
0.004749
0.003304
0.003451
0.002064
0.001968
0.003194
0.001966
0.003196
0.002114
0.002120
0.002244
0.003287
0.002163
0.003372
0.066558
0.068733
0.038034
0.040704
0.023981
0.025228
0.017769
0.017456
0.011319
0.013274
0.009103
0.007525
0.004006
0.005925
0.012435
0.014370
0.006280
0.004036
0.005395
0.003512
0.007965
0.009897
0.006814
0.005084
0.006184
0.004168
0.009841
0.008007
0.007777
0.004686
0.003253
0.005170
0.005184
0.003244
0.009686
0.007823
0.003169
0.005064
0.013783
0.011326
0.003286
0.005253
0.004004
0.006239
0.003278
0.005704
0.132726
0.137943
0.071191
0.077265
0.049987
0.055492
0.035472
0.040016
0.022291
0.025002
0.018705
0.014755
0.008057
0.012274
0.013789
0.008100
0.016095
0.012061
0.016456
0.012551
0.021615
0.016786
0.016694
0.011628
0.008990
0.013744
0.016271
0.009207
0.015564
0.011777
0.011460
0.013595
0.006782
0.010622
0.012703
0.007589
0.015013
0.010430
0.019888
0.015719
0.008904
0.009808
0.013605
0.008007
0.012247
0.007566
0.282535
0.292182
0.165906
0.173825
0.100878
0.092474
0.057094
0.066602
0.050679
0.058808
0.037153
0.029552
0.028652
0.020911
0.028004
0.020165
0.034832
0.025768
0.031332
0.020603
0.025630
0.017928
0.030357
0.022762
0.029461
0.019726
0.030736
0.019934
0.027127
0.018178
0.034915
0.026540
0.026320
0.017052
0.025461
0.016058
0.026784
0.018332
0.019480
0.027560
0.016116
0.025948
0.025185
0.017372
0.024862
0.034826
0.409493
0.422555
0.231350
0.243732
0.141952
0.129755
0.118061
0.105239
0.077445
0.064995
0.058088
0.045153
0.043839
0.032331
0.032238
0.046704
0.044623
0.032911
0.040321
0.027520
0.040787
0.025930
0.031924
0.045476
0.042427
0.028880
0.046690
0.032623
0.041120
0.029531
0.042462
0.030772
0.040113
0.025817
0.038570
0.025497
0.039092
0.025384
0.029412
0.041901
0.032736
0.046743
0.038079
0.024057
0.044473
0.027548
0.715447
0.736978
0.410350
0.388828
0.240103
0.219214
0.169726
0.148108
0.141455
0.120126
0.098647
0.078016
0.092669
0.069031
0.075054
0.054522
0.074470
0.051282
0.076305
0.053989
0.069451
0.046155
0.075213
0.053703
0.076130
0.054227
0.050755
0.072992
0.073918
0.053007
0.074115
0.052117
0.068626
0.047616
0.081184
0.055012
0.066022
0.042644
0.064390
0.043513
0.062836
0.041061
0.066575
0.045232
0.067355
0.046149
1.417910
1.374607
0.821776
0.776694
0.429177
0.471393
0.367100
0.324953
0.270267
0.227075
0.206495
0.162453
0.152435
0.108408
0.163890
0.121690
0.156584
0.113205
0.150541
0.106958
0.147396
0.103599
0.161026
0.118208
0.162264
0.120909
0.149782
0.108565
0.132777
0.090402
0.129309
0.087519
0.130194
0.085224
0.134188
0.091747
0.133330
0.088053
0.130085
0.086148
0.128552
0.086784
0.144203
0.101880
0.133205
0.086829
2.954512
2.866459
1.626601
1.541313
0.960746
0.863871
0.740825
0.653098
0.591323
0.500440
0.392905
0.306185
0.319934
0.229350
0.310637
0.224224
0.299188
0.209513
0.300783
0.214735
0.306128
0.218913
0.307517
0.216035
0.346450
0.255851
0.287779
0.200460
0.263062
0.179912
0.270715
0.185222
0.259582
0.177618
0.261758
0.178105
0.256516
0.171151
0.305170
0.218008
0.261382
0.176345
0.279401
0.193484
0.266644
0.178179
4.416006
4.287065
2.903710
2.754726
1.563685
1.432734
1.082259
0.948971
0.692866
0.821155
0.587018
0.460324
0.472677
0.343161
0.470326
0.341472
0.533012
0.403587
0.426195
0.287985
0.404232
0.282609
0.409327
0.288080
0.408956
0.286820
0.395319
0.272791
0.368547
0.248654
0.357196
0.235772
0.369053
0.246867
0.359723
0.237089
0.358689
0.237810
0.446268
0.322492
0.406041
0.272040
0.524948
0.384968
0.439917
0.300019
7.176860
6.958714
4.031894
3.816864
2.419545
2.206525
1.837568
1.626332
1.387173
1.167412
1.093997
0.878324
0.810656
0.587078
0.769844
0.554877
0.766789
0.554449
0.873815
0.648719
0.842416
0.623746
0.798514
0.570995
0.765909
0.543119
0.733478
0.521881
0.687272
0.467916
0.673130
0.457415
0.737391
0.526438
0.554863
0.357077
0.669821
0.442439
0.663383
0.444995
0.662356
0.441263
0.685046
0.459997
0.673577
0.458107
14.192765
13.762860
8.156420
7.730521
4.842852
4.421542
3.777838
3.351432
2.726285
2.304347
1.996552
1.561766
1.514744
1.081686
1.560533
1.134461
1.487069
1.053968
1.479707
1.060977
1.469180
1.038805
1.523255
1.101348
1.499955
1.067479
1.459938
1.032368
1.351662
0.927358
1.321137
0.894150
1.323092
0.896779
1.332972
0.912329
1.475950
1.048011
1.329075
0.950100
1.324352
0.897802
1.382207
0.947325
1.331842
0.906816
28.193425
27.352523
16.235511
15.379195
9.746847
8.890016
7.312443
6.435666
5.329358
4.469042
3.871781
3.014566
3.178931
2.323810
3.239814
2.390758
3.115691
2.265102
3.054712
2.188772
2.972836
2.114826
3.127466
2.268167
3.037379
2.191907
2.990453
2.139400
2.772032
1.915481
2.731959
1.865422
2.892882
2.029228
2.674186
1.818241
2.680409
1.816344
2.711097
1.853676
2.702736
1.839193
2.771031
1.911754
2.714547
1.841157
42.787371
41.495890
24.585718
23.320185
14.779462
13.489260
11.169498
9.897999
8.389575
7.100344
5.962106
4.683808
4.645285
3.370879
4.758037
3.484127
4.636694
3.367598
4.591357
3.291453
4.537896
3.267703
4.619450
3.345951
4.595303
3.325786
4.354360
3.079162
4.150421
2.836299
4.181632
2.918896
4.069503
2.797824
4.021674
2.733599
4.034731
2.727670
4.034400
2.719696
4.142123
2.857041
4.098567
2.817966
4.031039
2.761085
52.248344
50.551092
26.224071
24.836911
15.330036
13.943710
11.463033
10.082666
8.283255
6.898982
5.762598
4.385509
4.450696
3.057457
4.390416
3.009723
4.440659
3.056044
4.249552
2.866515
4.206691
2.826421
4.413841
3.030861
4.318007
2.937748
4.097356
2.723640
3.858858
2.469575
3.869791
2.486157
3.872899
2.489891
3.888142
2.466083
3.842992
2.462051
4.880788
3.500096
5.651479
3.930550
5.624465
3.894819
4.345185
2.728483
