0.000053
0.000016
0.000065
0.000018
0.000015
0.000054
0.000014
0.000054
0.000023
0.000944
0.000057
0.000013
0.000059
0.000015
0.000055
0.000015
0.000057
0.000015
0.000180
0.000019
0.000056
0.000015
0.000076
0.000015
0.000059
0.000015
0.000074
0.000018
0.000057
0.000015
0.000099
0.000016
0.000093
0.000016
0.000063
0.000015
0.000089
0.000015
0.000077
0.000015
0.000086
0.000015
0.000100
0.000016
0.000084
0.000016
0.000017
0.000098
0.000077
0.000020
0.000057
0.000015
0.000055
0.000014
0.000052
0.000014
0.000078
0.000015
0.000086
0.000015
0.000080
0.000014
0.000060
0.000014
0.000014
0.000079
0.000092
0.000015
0.000085
0.000015
0.000059
0.000015
0.000096
0.000016
0.000018
0.000123
0.000117
0.000015
0.000084
0.000015
0.000080
0.000014
0.000085
0.000015
0.000014
0.000086
0.000099
0.000016
0.000084
0.000015
0.000075
0.000017
0.000106
0.000027
0.000090
0.000016
0.000122
0.000014
0.000054
0.000015
0.000054
0.000014
0.000056
0.000015
0.000061
0.000014
0.000013
0.000106
0.000092
0.000016
0.000099
0.000016
0.000084
0.000014
0.000055
0.000016
0.000065
0.000015
0.000065
0.000016
0.000066
0.000015
0.000060
0.000015
0.000076
0.000019
0.000368
0.000020
0.000129
0.000043
0.000061
0.000017
0.000134
0.000015
0.000071
0.000020
0.000072
0.000014
0.000089
0.000037
0.000100
0.000028
0.000066
0.000015
0.000064
0.000015
0.000068
0.000015
0.000101
0.000016
0.000080
0.000016
0.000063
0.000015
0.000014
0.000120
0.000067
0.000014
0.000112
0.000015
0.000016
0.000150
0.000026
0.000091
0.000053
0.000014
0.000028
0.000112
0.000057
0.000015
0.000099
0.000017
0.000092
0.000015
0.000094
0.000016
0.000082
0.000015
0.000056
0.000017
0.000057
0.000014
0.000060
0.000014
0.000091
0.000047
0.000065
0.000022
0.000088
0.000020
0.000060
0.000015
0.000067
0.000015
0.000100
0.000014
0.000053
0.000015
0.000091
0.000018
0.000082
0.000020
0.000080
0.000022
0.000071
0.000019
0.000063
0.000013
0.000056
0.000013
0.000057
0.000014
0.000056
0.000014
0.000016
0.000094
0.000079
0.000020
0.000051
0.000013
0.000052
0.000013
0.000077
0.000018
0.000054
0.000013
0.000053
0.000015
0.000055
0.000014
0.000076
0.000038
0.000074
0.000035
0.000050
0.000020
0.000064
0.000021
0.000052
0.000014
0.000052
0.000013
0.000068
0.000015
0.000051
0.000013
0.000052
0.000014
0.000050
0.000014
0.000047
0.000013
0.000050
0.000013
0.000055
0.000016
0.000052
0.000014
0.000052
0.000014
0.000072
0.000015
0.000072
0.000015
0.000114
0.000014
0.000066
0.000015
0.000080
0.000019
0.000052
0.000015
0.000079
0.000017
0.000027
0.000102
0.000735
0.000680
0.000080
0.000032
0.000067
0.000024
0.000452
0.000413
0.000059
0.000020
0.000057
0.000015
0.000016
0.000123
0.000112
0.000016
0.000111
0.000018
0.000058
0.000015
0.000055
0.000015
0.000099
0.000029
0.000059
0.000015
0.000073
0.000016
0.000059
0.000015
0.000060
0.000015
0.000087
0.000015
0.000057
0.000016
0.000058
0.000016
0.000058
0.000014
0.000079
0.000015
0.000087
0.000015
0.000058
0.000015
0.000097
0.000059
0.000079
0.000039
0.000071
0.000028
0.000105
0.000048
0.000073
0.000023
0.000070
0.000027
0.000071
0.000017
0.000056
0.000015
0.000090
0.000017
0.000061
0.000015
0.000052
0.000014
0.000095
0.000016
0.000026
0.000015
0.000060
0.000018
0.000056
0.000015
0.000074
0.000016
0.000066
0.000016
0.000061
0.000015
0.000058
0.000015
0.000068
0.000016
0.000056
0.000015
0.000058
0.000019
0.000059
0.000015
0.000311
0.000269
0.000185
0.000144
0.000115
0.000074
0.000062
0.000026
0.000095
0.000023
0.000065
0.000023
0.000084
0.000017
0.000101
0.000020
0.000057
0.000015
0.000065
0.000022
0.000058
0.000015
0.000061
0.000016
0.000105
0.000026
0.000056
0.000015
0.000059
0.000016
0.000064
0.000015
0.000056
0.000017
0.000058
0.000015
0.000054
0.000016
0.000083
0.000015
0.000095
0.000024
0.000076
0.000015
0.000080
0.000014
0.000106
0.000068
0.000190
0.000148
0.000151
0.000111
0.000098
0.000027
0.000056
0.000024
0.000070
0.000036
0.000059
0.000017
0.000062
0.000016
0.000092
0.000016
0.000053
0.000015
0.000057
0.000015
0.000056
0.000016
0.000054
0.000015
0.000095
0.000017
0.000057
0.000016
0.000088
0.000016
0.000061
0.000015
0.000061
0.000017
0.000056
0.000019
0.000053
0.000015
0.000088
0.000016
0.000015
0.000055
0.000054
0.000015
0.000159
0.000081
0.000227
0.000188
0.000151
0.000111
0.000089
0.000028
0.000081
0.000041
0.000101
0.000023
0.000015
0.000088
0.000074
0.000017
0.000019
0.000132
0.000053
0.000016
0.000058
0.000016
0.000105
0.000022
0.000055
0.000015
0.000059
0.000016
0.000057
0.000016
0.000060
0.000015
0.000055
0.000015
0.000081
0.000015
0.000092
0.000019
0.000083
0.000018
0.000059
0.000015
0.000059
0.000015
0.000092
0.000017
0.000376
0.000335
0.000213
0.000171
0.000135
0.000095
0.000111
0.000069
0.000090
0.000046
0.000096
0.000021
0.000065
0.000021
0.000058
0.000016
0.000085
0.000018
0.000119
0.000019
0.000060
0.000016
0.000017
0.000084
0.000056
0.000017
0.000063
0.000017
0.000017
0.000094
0.000097
0.000018
0.000086
0.000017
0.000086
0.000018
0.000064
0.000020
0.000099
0.000019
0.000016
0.000086
0.000017
0.000088
0.000097
0.000018
0.000116
0.000080
0.000224
0.000180
0.000068
0.000033
0.000100
0.000062
0.000062
0.000024
0.000058
0.000022
0.000079
0.000020
0.000088
0.000019
0.000086
0.000016
0.000105
0.000017
0.000059
0.000016
0.000016
0.000107
0.000060
0.000017
0.000062
0.000018
0.000060
0.000017
0.000016
0.000091
0.000109
0.000019
0.000016
0.000090
0.000017
0.000140
0.000017
0.000119
0.000082
0.000022
0.000017
0.000137
0.000089
0.000018
0.000425
0.000379
0.000088
0.000053
0.000072
0.000035
0.000168
0.000129
0.000061
0.000026
0.000175
0.000112
0.000065
0.000022
0.000057
0.000017
0.000109
0.000073
0.000053
0.000016
0.000056
0.000016
0.000087
0.000018
0.000055
0.000019
0.000088
0.000018
0.000058
0.000017
0.000079
0.000018
0.000089
0.000018
0.000082
0.000017
0.000062
0.000018
0.000091
0.000019
0.000079
0.000017
0.000061
0.000019
0.000098
0.000019
0.000791
0.000750
0.000421
0.000376
0.000191
0.000118
0.000169
0.000110
0.000122
0.000086
0.000096
0.000052
0.000062
0.000022
0.000033
0.000083
0.000080
0.000026
0.000053
0.000019
0.000059
0.000022
0.000075
0.000026
0.000085
0.000024
0.000060
0.000020
0.000059
0.000020
0.000070
0.000021
0.000088
0.000024
0.000061
0.000020
0.000057
0.000021
0.000093
0.000022
0.000057
0.000021
0.000060
0.000022
0.000019
0.000079
0.001293
0.001263
0.000545
0.000513
0.000246
0.000213
0.000117
0.000084
0.000134
0.000100
0.000091
0.000058
0.000165
0.000123
0.000082
0.000041
0.000126
0.000042
0.000056
0.000028
0.000040
0.000027
0.000070
0.000034
0.000070
0.000035
0.000061
0.000028
0.000104
0.000031
0.000064
0.000029
0.000080
0.000031
0.000089
0.000040
0.000086
0.000033
0.000103
0.000037
0.000132
0.000080
0.000099
0.000049
0.000091
0.000037
0.002709
0.002667
0.000938
0.000891
0.000653
0.000611
0.000473
0.000427
0.000259
0.000217
0.000108
0.000086
0.000095
0.000066
0.000083
0.000055
0.000072
0.000041
0.000036
0.000063
0.000107
0.000058
0.000058
0.000036
0.000065
0.000043
0.000064
0.000035
0.000062
0.000035
0.000572
0.000037
0.000050
0.000034
0.000048
0.000034
0.000051
0.000034
0.000062
0.000041
0.000081
0.000037
0.000060
0.000037
0.000091
0.000197
0.003750
0.003728
0.001409
0.001379
0.000599
0.000578
0.000510
0.000493
0.000331
0.000316
0.000219
0.000199
0.000154
0.000125
0.000362
0.000341
0.000282
0.000263
0.000260
0.000243
0.000335
0.000321
0.000081
0.000064
0.000087
0.000070
0.000077
0.000059
0.000094
0.000057
0.000372
0.000430
0.000086
0.000059
0.000074
0.000055
0.000102
0.000053
0.000096
0.000055
0.000090
0.000056
0.000069
0.000053
0.000079
0.000059
0.001879
0.001880
0.002330
0.002326
0.001262
0.001265
0.000968
0.000976
0.000390
0.000366
0.000434
0.000412
0.000251
0.000233
0.000177
0.000160
0.000123
0.000129
0.000117
0.000117
0.000128
0.000105
0.000105
0.000114
0.000126
0.000105
0.000110
0.000117
0.000260
0.000254
0.000094
0.000103
0.000126
0.000102
0.000095
0.000100
0.000102
0.000106
0.000140
0.000133
0.000190
0.000170
0.000105
0.000105
0.000107
0.000102
0.004480
0.004528
0.004236
0.004292
0.002332
0.002381
0.002057
0.002098
0.001342
0.001394
0.000848
0.000893
0.000639
0.000688
0.000285
0.000334
0.000900
0.000940
0.000509
0.000546
0.000206
0.000254
0.000194
0.000255
0.000209
0.000246
0.000260
0.000307
0.000519
0.000558
0.000179
0.000232
0.000176
0.000231
0.000207
0.000251
0.000284
0.000309
0.000179
0.000231
0.000185
0.000240
0.000177
0.000228
0.000177
0.000225
0.006096
0.006200
0.005934
0.006040
0.003543
0.003617
0.002456
0.002558
0.001268
0.001374
0.000758
0.000859
0.000709
0.000804
0.000427
0.000527
0.000341
0.000439
0.000367
0.000468
0.000287
0.000388
0.000309
0.000402
0.000286
0.000400
0.000303
0.000411
0.000258
0.000372
0.000267
0.000367
0.000293
0.000400
0.000295
0.000400
0.000290
0.000402
0.000266
0.000343
0.000296
0.000396
0.000383
0.000483
0.000292
0.000416
0.020507
0.020714
0.010771
0.010968
0.006287
0.006480
0.003996
0.004191
0.003348
0.003160
0.001967
0.002147
0.001169
0.001375
0.000674
0.000898
0.000552
0.000712
0.000525
0.000719
0.000505
0.000703
0.000484
0.000684
0.000467
0.000654
0.000558
0.000749
0.002525
0.000626
0.000428
0.000632
0.000442
0.000636
0.000475
0.000691
0.000432
0.000628
0.000686
0.000897
0.000455
0.000649
0.000455
0.000600
0.000454
0.000611
0.069283
0.069702
0.020476
0.020936
0.012180
0.012557
0.008232
0.008679
0.004100
0.004545
0.003380
0.003816
0.002321
0.002769
0.001294
0.001737
0.001182
0.001610
0.001085
0.001533
0.001099
0.001533
0.001119
0.001526
0.000939
0.001310
0.000903
0.001360
0.000835
0.001286
0.000885
0.001354
0.000890
0.001302
0.000943
0.001366
0.000905
0.001348
0.000904
0.001301
0.000871
0.001325
0.001049
0.001461
0.000908
0.001305
0.029468
0.030416
0.045853
0.046825
0.016020
0.017205
0.020752
0.021678
0.012261
0.011107
0.009533
0.008443
0.004093
0.005042
0.004189
0.003042
0.002591
0.003546
0.003414
0.002261
0.003419
0.002274
0.002218
0.003359
0.002162
0.003102
0.001838
0.002617
0.002084
0.003074
0.002026
0.002956
0.001767
0.002717
0.002863
0.003836
0.001771
0.002679
0.001867
0.002898
0.001805
0.002694
0.001794
0.002738
0.001795
0.002737
0.211019
0.212406
0.071413
0.072635
0.030336
0.031769
0.014649
0.016071
0.021494
0.022713
0.012207
0.013494
0.007288
0.008720
0.004133
0.005557
0.003149
0.004579
0.003169
0.004620
0.005199
0.006690
0.002921
0.004321
0.002865
0.004336
0.002824
0.004273
0.002660
0.004131
0.002657
0.004125
0.002860
0.004310
0.002699
0.004110
0.002686
0.004078
0.002667
0.004095
0.002739
0.004174
0.002516
0.003958
0.002520
0.003959
0.181739
0.179290
0.099443
0.097192
0.049638
0.046972
0.031035
0.028564
0.021413
0.023813
0.013248
0.015297
0.012242
0.014551
0.006927
0.009364
0.005433
0.007896
0.005985
0.008401
0.005261
0.007704
0.004773
0.007210
0.005057
0.007538
0.004598
0.007073
0.004358
0.006786
0.004342
0.006807
0.004532
0.006942
0.004492
0.006943
0.004568
0.007030
0.004410
0.006865
0.004495
0.006881
0.004504
0.006959
0.004338
0.006746
0.511031
0.515959
0.208960
0.203354
0.095782
0.090350
0.058231
0.063273
0.074647
0.069723
0.043149
0.038819
0.023586
0.028082
0.013771
0.018679
0.011482
0.016390
0.010688
0.015609
0.009748
0.014698
0.009903
0.014999
0.009663
0.015190
0.009206
0.014076
0.008747
0.013723
0.008840
0.013803
0.014819
0.009891
0.008972
0.013968
0.008876
0.013836
0.009097
0.014051
0.013864
0.008909
0.008959
0.013909
0.008945
0.013299
0.978058
0.987166
0.323759
0.332277
0.140703
0.149241
0.184439
0.174422
0.096774
0.088237
0.089758
0.080957
0.049941
0.059205
0.035825
0.026148
0.030707
0.021136
0.030050
0.020452
0.019486
0.029023
0.027723
0.018206
0.017783
0.027363
0.016237
0.025134
0.017214
0.027162
0.026486
0.018049
0.024319
0.015940
0.026167
0.017860
0.018149
0.026372
0.016079
0.024766
0.017827
0.027017
0.017808
0.026083
0.018193
0.026752
1.522299
1.509259
0.564851
0.578016
0.366974
0.351132
0.196549
0.210143
0.197822
0.184592
0.094254
0.107321
0.091138
0.076210
0.061302
0.045957
0.045831
0.032383
0.045508
0.032542
0.045159
0.030963
0.029844
0.042890
0.031195
0.043779
0.022955
0.035874
0.023323
0.036355
0.039315
0.024910
0.040971
0.027953
0.026363
0.039033
0.039948
0.026922
0.025825
0.039570
0.026653
0.039481
0.039311
0.026368
0.026241
0.039193
2.376817
2.398767
0.856633
0.835047
0.526952
0.548359
0.323268
0.345088
0.273517
0.295260
0.167516
0.189206
0.100501
0.123300
0.062247
0.083621
0.064504
0.089935
0.057252
0.082732
0.051501
0.073424
0.049924
0.071393
0.072036
0.049954
0.047251
0.068940
0.041249
0.063705
0.043113
0.066306
0.039681
0.062752
0.041571
0.063079
0.043997
0.065401
0.045840
0.066638
0.043728
0.065082
0.051791
0.076985
0.070395
0.044883
4.618205
4.574940
1.925339
1.882297
1.032472
0.990165
0.829057
0.783667
0.572055
0.527896
0.434229
0.390813
0.250054
0.207501
0.176537
0.134590
0.154858
0.109061
0.170993
0.119637
0.130487
0.087482
0.150393
0.103048
0.142301
0.099318
0.122902
0.080626
0.133107
0.088501
0.120883
0.078881
0.136785
0.085257
0.128195
0.085570
0.127463
0.084857
0.119815
0.076364
0.124913
0.082809
0.119905
0.076748
0.121498
0.078970
10.363672
10.261686
3.860138
3.774821
2.213216
2.121717
1.597703
1.512266
1.313019
1.224451
0.810906
0.725547
0.504882
0.418706
0.368678
0.282067
0.284140
0.199192
0.307790
0.222797
0.271162
0.184903
0.286996
0.201071
0.275037
0.188968
0.272996
0.187552
0.264475
0.162789
0.249864
0.164123
0.246026
0.156572
0.180846
0.267543
0.253381
0.163106
0.239481
0.152332
0.228016
0.142721
0.250614
0.165695
0.229358
0.144152
14.898372
14.768065
5.773822
5.641905
3.195274
3.070300
2.461771
2.328517
1.810088
1.683150
1.145273
1.016953
0.760491
0.629984
0.496060
0.365812
0.475976
0.345059
0.429839
0.302559
0.411451
0.282595
0.430498
0.298926
0.250062
0.384315
0.403986
0.264263
0.387656
0.260542
0.377936
0.243890
0.354356
0.223436
0.357854
0.227243
0.392291
0.250554
0.372254
0.243464
0.375817
0.249119
0.363690
0.236246
0.348083
0.218783
24.793690
24.558408
9.419882
9.202976
5.114259
4.898228
4.217480
4.005126
2.881862
2.667292
1.948749
1.736534
1.282816
1.069364
0.894304
0.682733
0.783359
0.568630
0.743122
0.530007
0.695393
0.463806
0.709175
0.494749
0.713393
0.500942
0.655831
0.443338
0.670250
0.439787
0.615835
0.406217
0.625153
0.412814
0.646244
0.429033
0.610081
0.393120
0.619689
0.404077
0.595727
0.381475
0.592252
0.381872
0.591629
0.366536
47.966606
47.517409
18.992809
18.570654
11.421127
10.955370
8.849094
8.390684
6.938995
6.473920
4.968756
4.487421
3.323329
2.796048
1.902909
1.434486
1.610673
1.140467
1.664357
1.197477
1.592232
1.122555
1.541737
1.064425
1.469418
0.994919
1.459220
0.995800
1.409186
0.939428
1.374202
0.898153
1.353526
0.888637
1.474180
1.005288
1.363979
0.891233
1.360499
0.893133
1.364303
0.891702
1.338194
0.869779
1.331039
0.863247
91.386285
90.450927
39.479468
38.557359
23.449404
22.502579
18.132982
17.185283
14.110566
13.166080
8.996236
8.064232
5.996868
5.044615
3.842895
2.895274
3.149788
2.211969
3.153405
2.212779
3.024708
2.084484
2.913487
1.965467
2.951670
2.007561
2.847505
1.911397
2.744841
1.795064
2.659190
1.723101
2.688663
1.738378
2.677678
1.733684
2.624453
1.687242
2.658199
1.716672
2.680777
1.743856
2.655797
1.709867
2.591529
1.648704
137.527647
136.127192
60.936462
59.527539
35.063664
33.672715
27.269301
25.870827
20.977272
19.569594
13.464206
12.060429
8.859536
7.457424
5.747298
4.345572
4.742012
3.343819
4.755987
3.344732
4.489417
3.066141
4.323792
2.943272
4.272711
2.879454
4.261348
2.868992
4.119553
2.727649
4.012211
2.603693
3.980449
2.588182
3.988242
2.582252
4.002322
2.607575
3.987686
2.588261
3.979458
2.593430
3.988158
2.585361
3.868459
2.460473
185.707620
183.826822
78.876965
77.017817
47.049179
45.198766
36.246850
34.349956
27.929489
26.083753
17.920400
16.071475
11.914689
10.053366
7.603128
5.736309
6.238292
4.374443
6.294314
4.443571
6.082234
4.202780
5.795325
3.931016
5.836717
3.975550
5.640206
3.792489
5.496356
3.630093
5.306990
3.466573
5.315295
3.453288
5.294837
3.427329
5.294078
3.428495
5.351189
3.476750
5.358905
3.496005
5.311551
3.444445
5.183350
3.317066
