0.000063
0.000016
0.000073
0.000012
0.000055
0.000015
0.000046
0.000015
0.000040
0.000010
0.000042
0.000010
0.000043
0.000010
0.000039
0.000010
0.000040
0.000010
0.000011
0.000038
0.000037
0.000010
0.000051
0.000014
0.000037
0.000010
0.000038
0.000010
0.000040
0.000010
0.000040
0.000010
0.000053
0.000014
0.000038
0.000010
0.000038
0.000010
0.000038
0.000010
0.000038
0.000010
0.000038
0.000010
0.000038
0.000010
0.000107
0.000077
0.000042
0.000015
0.000036
0.000010
0.000039
0.000010
0.000048
0.000010
0.000012
0.000611
0.000618
0.000012
0.000013
0.001719
0.000010
0.000100
0.000041
0.000010
0.000071
0.000011
0.000082
0.000012
0.000081
0.000012
0.000038
0.000010
0.000044
0.000011
0.000068
0.000011
0.000047
0.000013
0.000043
0.000013
0.000045
0.000012
0.000012
0.000078
0.000044
0.000011
0.000040
0.000011
0.000042
0.000011
0.000097
0.000031
0.000043
0.000011
0.000041
0.000011
0.000048
0.000012
0.000040
0.000011
0.000040
0.000011
0.000074
0.000012
0.000083
0.000012
0.000044
0.000011
0.000040
0.000011
0.000047
0.000014
0.000042
0.000012
0.000039
0.000011
0.000085
0.000012
0.000072
0.000012
0.000070
0.000011
0.000041
0.000011
0.000051
0.000011
0.000012
0.000073
0.000039
0.000011
0.000039
0.000011
0.000010
0.000126
0.000088
0.000012
0.000099
0.000033
0.000048
0.000018
0.000039
0.000011
0.000010
0.000077
0.000010
0.000073
0.000037
0.000011
0.000039
0.000011
0.000084
0.000012
0.000039
0.000011
0.000010
0.000072
0.000010
0.000065
0.000010
0.000076
0.000042
0.000011
0.000012
0.000067
0.000070
0.000011
0.000042
0.000013
0.000039
0.000011
0.000041
0.000011
0.000079
0.000012
0.000039
0.000010
0.000051
0.000014
0.000050
0.000011
0.000040
0.000011
0.000112
0.000082
0.000055
0.000026
0.000046
0.000018
0.000010
0.000075
0.000010
0.000074
0.000040
0.000010
0.000078
0.000012
0.000079
0.000012
0.000041
0.000011
0.000068
0.000011
0.000070
0.000011
0.000040
0.000012
0.000039
0.000011
0.000039
0.000011
0.000082
0.000012
0.000039
0.000011
0.000089
0.000011
0.000054
0.000013
0.000041
0.000012
0.000040
0.000011
0.000071
0.000011
0.000039
0.000011
0.000038
0.000011
0.000078
0.000023
0.000044
0.000018
0.000051
0.000024
0.000048
0.000016
0.000045
0.000012
0.000046
0.000011
0.000040
0.000011
0.000039
0.000013
0.000038
0.000010
0.000071
0.000013
0.000082
0.000012
0.000010
0.000076
0.000068
0.000011
0.000039
0.000011
0.000010
0.000071
0.000039
0.000011
0.000040
0.000011
0.000053
0.000014
0.000073
0.000011
0.000040
0.000011
0.000041
0.000011
0.000044
0.000012
0.000010
0.000089
0.000059
0.000033
0.000051
0.000023
0.000065
0.000037
0.000127
0.000031
0.000048
0.000018
0.000044
0.000012
0.000052
0.000013
0.000039
0.000011
0.000010
0.000071
0.000042
0.000011
0.000093
0.000011
0.000042
0.000011
0.000041
0.000012
0.000042
0.000013
0.000039
0.000011
0.000037
0.000011
0.000040
0.000012
0.000040
0.000011
0.000040
0.000010
0.000010
0.000073
0.000042
0.000011
0.000043
0.000013
0.000068
0.000012
0.000073
0.000045
0.000055
0.000029
0.000049
0.000021
0.000045
0.000019
0.000057
0.000027
0.000079
0.000017
0.000043
0.000012
0.000072
0.000011
0.000041
0.000011
0.000107
0.000012
0.000055
0.000024
0.000079
0.000012
0.000041
0.000013
0.000040
0.000011
0.000040
0.000011
0.000039
0.000011
0.000048
0.000013
0.000039
0.000011
0.000040
0.000011
0.000039
0.000011
0.000040
0.000011
0.000041
0.000011
0.000042
0.000013
0.000264
0.000237
0.000138
0.000109
0.000117
0.000088
0.000122
0.000055
0.000043
0.000017
0.000048
0.000020
0.000042
0.000012
0.000040
0.000012
0.000041
0.000011
0.000053
0.000014
0.000013
0.000228
0.000011
0.000073
0.000040
0.000012
0.000074
0.000012
0.000010
0.000073
0.000044
0.000013
0.000050
0.000019
0.000038
0.000011
0.000042
0.000012
0.000038
0.000011
0.000039
0.000011
0.000010
0.000073
0.000041
0.000011
0.000080
0.000053
0.000098
0.000033
0.000093
0.000067
0.000077
0.000049
0.000043
0.000018
0.000070
0.000017
0.000039
0.000012
0.000038
0.000012
0.000043
0.000011
0.000039
0.000011
0.000042
0.000012
0.000071
0.000012
0.000039
0.000011
0.000037
0.000011
0.000056
0.000011
0.000039
0.000011
0.000041
0.000012
0.000041
0.000011
0.000039
0.000011
0.000076
0.000010
0.000040
0.000011
0.000347
0.000014
0.000076
0.000012
0.000084
0.000055
0.000202
0.000173
0.000093
0.000064
0.000108
0.000080
0.000060
0.000032
0.000058
0.000027
0.000041
0.000012
0.000041
0.000011
0.000039
0.000012
0.000011
0.000071
0.000041
0.000011
0.000041
0.000011
0.000037
0.000012
0.000039
0.000011
0.000043
0.000012
0.000083
0.000013
0.000010
0.000073
0.000039
0.000011
0.000068
0.000012
0.000038
0.000011
0.000010
0.000077
0.000038
0.000011
0.000037
0.000011
0.000275
0.000249
0.000062
0.000035
0.000144
0.000081
0.000043
0.000021
0.000076
0.000019
0.000055
0.000019
0.000040
0.000014
0.000038
0.000012
0.000011
0.000080
0.000044
0.000012
0.000841
0.000013
0.000074
0.000011
0.000069
0.000011
0.000072
0.000011
0.000040
0.000011
0.000037
0.000011
0.000042
0.000012
0.000010
0.000108
0.000011
0.000115
0.000040
0.000011
0.000038
0.000011
0.000071
0.000012
0.000038
0.000011
0.000412
0.000379
0.000066
0.000036
0.000142
0.000085
0.000062
0.000022
0.000067
0.000039
0.000085
0.000030
0.000085
0.000018
0.000042
0.000012
0.000012
0.000073
0.000080
0.000013
0.000047
0.000013
0.000043
0.000013
0.000049
0.000015
0.000043
0.000011
0.000040
0.000012
0.000042
0.000012
0.000044
0.000013
0.000042
0.000012
0.000044
0.000012
0.000040
0.000012
0.000043
0.000012
0.000687
0.000015
0.000084
0.000015
0.000100
0.000069
0.000180
0.000149
0.000119
0.000085
0.000126
0.000097
0.000047
0.000019
0.000051
0.000025
0.000042
0.000015
0.000087
0.000013
0.000067
0.000030
0.000039
0.000012
0.000040
0.000012
0.000039
0.000012
0.000043
0.000013
0.000041
0.000012
0.000051
0.000012
0.000069
0.000011
0.000011
0.000074
0.000011
0.000075
0.000038
0.000011
0.000038
0.000011
0.000039
0.000012
0.000045
0.000011
0.000071
0.000011
0.000607
0.000583
0.000321
0.000295
0.000147
0.000092
0.000140
0.000108
0.000089
0.000061
0.000050
0.000025
0.000087
0.000026
0.000040
0.000015
0.000042
0.000015
0.000863
0.000022
0.000085
0.000022
0.000043
0.000023
0.000066
0.000026
0.000053
0.000018
0.000055
0.000018
0.000038
0.000013
0.000040
0.000013
0.000035
0.000014
0.000040
0.000013
0.000040
0.000013
0.000138
0.000048
0.000033
0.000014
0.000041
0.000013
0.000271
0.000250
0.000170
0.000150
0.000108
0.000090
0.000259
0.000225
0.000073
0.000051
0.000099
0.000070
0.000072
0.000041
0.000062
0.000040
0.000073
0.000048
0.000041
0.000022
0.000043
0.000022
0.000050
0.000025
0.000048
0.000023
0.000042
0.000018
0.000043
0.000019
0.000039
0.000018
0.000040
0.000018
0.001006
0.000369
0.000043
0.000019
0.000074
0.000022
0.000073
0.000022
0.000082
0.000023
0.000048
0.000020
0.001894
0.001875
0.000512
0.000493
0.000349
0.000328
0.000259
0.000243
0.000247
0.000228
0.000100
0.000081
0.000069
0.000052
0.000148
0.000128
0.000108
0.000034
0.000050
0.000029
0.000049
0.000029
0.000083
0.000037
0.000047
0.000028
0.000047
0.000027
0.000047
0.000028
0.000045
0.000028
0.000048
0.000027
0.000071
0.000026
0.000041
0.000024
0.000046
0.000027
0.000073
0.000024
0.000076
0.000025
0.000047
0.000028
0.002790
0.002777
0.000957
0.000944
0.000595
0.000579
0.000381
0.000370
0.000262
0.000249
0.000173
0.000163
0.000159
0.000149
0.000075
0.000062
0.000065
0.000055
0.000113
0.000064
0.000102
0.000046
0.000052
0.000044
0.000061
0.000049
0.000098
0.000042
0.000073
0.000061
0.000051
0.000039
0.000050
0.000040
0.000160
0.000142
0.000051
0.000039
0.000053
0.000041
0.000096
0.000083
0.000298
0.000251
0.000052
0.000040
0.005395
0.005359
0.001766
0.001773
0.000941
0.000946
0.000751
0.000756
0.000493
0.000500
0.000300
0.000306
0.000186
0.000191
0.000142
0.000153
0.000534
0.000090
0.000102
0.000193
0.000079
0.000084
0.000110
0.000079
0.000076
0.000084
0.000072
0.000079
0.000069
0.000076
0.000095
0.000071
0.000069
0.000078
0.000071
0.000086
0.000069
0.000077
0.000070
0.000071
0.000105
0.000072
0.000067
0.000075
0.000068
0.000077
0.008095
0.008138
0.003400
0.003440
0.001760
0.001797
0.001404
0.001442
0.001031
0.001066
0.000600
0.000638
0.000412
0.000448
0.000206
0.000246
0.000155
0.000196
0.000174
0.000172
0.000158
0.000198
0.000146
0.000152
0.000182
0.000212
0.000154
0.000212
0.000131
0.000168
0.000133
0.000171
0.000129
0.000168
0.000134
0.000174
0.000135
0.000169
0.000149
0.000187
0.000132
0.000187
0.000131
0.000171
0.000138
0.000185
0.015924
0.016036
0.005110
0.005199
0.002769
0.002836
0.001878
0.001921
0.001481
0.001561
0.000897
0.000971
0.000552
0.000628
0.000333
0.000414
0.000238
0.000316
0.000249
0.000325
0.000220
0.000295
0.000215
0.000304
0.000213
0.000284
0.000236
0.000330
0.000576
0.000257
0.000224
0.000297
0.000205
0.000280
0.000196
0.000269
0.000200
0.000289
0.000228
0.000273
0.000251
0.000323
0.000195
0.000273
0.000190
0.000284
0.025802
0.025954
0.008091
0.008241
0.004329
0.004471
0.003357
0.003504
0.002561
0.002703
0.001488
0.001638
0.000878
0.001037
0.000558
0.000510
0.000403
0.000548
0.000439
0.000559
0.000362
0.000507
0.000395
0.000542
0.000400
0.000502
0.000379
0.000492
0.000458
0.000612
0.000317
0.000463
0.000353
0.000470
0.000328
0.000483
0.000323
0.000485
0.000337
0.000487
0.000324
0.000526
0.000318
0.000467
0.000324
0.000470
0.031530
0.031860
0.016453
0.016800
0.008533
0.008864
0.006356
0.006639
0.005031
0.005347
0.002936
0.003270
0.001885
0.002230
0.001021
0.001346
0.000788
0.001115
0.000803
0.001132
0.000728
0.001057
0.000737
0.001076
0.000689
0.001035
0.000697
0.001024
0.000649
0.000969
0.000628
0.000960
0.000641
0.000981
0.000653
0.000976
0.000652
0.000979
0.002139
0.002477
0.000697
0.000988
0.000691
0.001018
0.000880
0.001212
0.027822
0.028508
0.032477
0.033183
0.017328
0.017990
0.012347
0.013021
0.009664
0.010368
0.005800
0.006494
0.003672
0.004341
0.002050
0.002782
0.001653
0.002337
0.001599
0.002303
0.002479
0.001766
0.001528
0.002211
0.001633
0.002374
0.001433
0.002146
0.001319
0.002101
0.001284
0.002014
0.001274
0.001793
0.001642
0.002375
0.002059
0.001194
0.002139
0.001258
0.002059
0.001230
0.001362
0.002208
0.001685
0.002383
0.057514
0.056435
0.028405
0.029622
0.026587
0.027608
0.019171
0.020212
0.008392
0.009459
0.008474
0.009539
0.005146
0.006183
0.002781
0.003836
0.002457
0.003539
0.002416
0.003500
0.002244
0.003337
0.002421
0.003519
0.002166
0.003269
0.002115
0.003195
0.001905
0.002990
0.001953
0.003014
0.002032
0.003081
0.002006
0.003125
0.002051
0.003098
0.002017
0.003123
0.002032
0.003156
0.002033
0.003104
0.001905
0.003003
0.218282
0.220168
0.069483
0.071224
0.044015
0.045751
0.035263
0.033516
0.011407
0.013162
0.014598
0.016379
0.008821
0.010749
0.005016
0.006887
0.004220
0.006087
0.004128
0.005980
0.003855
0.005670
0.003827
0.006031
0.003687
0.005668
0.004216
0.006075
0.003345
0.005211
0.003310
0.005164
0.003257
0.005137
0.003348
0.005223
0.003354
0.005212
0.003846
0.005722
0.003322
0.005174
0.003539
0.005415
0.003328
0.005205
0.251685
0.255461
0.095360
0.098847
0.060588
0.057035
0.064601
0.068286
0.037259
0.041416
0.020871
0.024432
0.015512
0.019029
0.010433
0.014089
0.008112
0.011858
0.007984
0.011743
0.007527
0.011219
0.007370
0.011130
0.007339
0.011091
0.007290
0.011069
0.006778
0.009997
0.006858
0.010634
0.006521
0.010315
0.006688
0.010423
0.006625
0.010433
0.006735
0.010467
0.006785
0.010556
0.006710
0.010471
0.006400
0.010198
0.694877
0.702523
0.252237
0.244813
0.191020
0.183986
0.119789
0.112632
0.116673
0.109459
0.065606
0.058145
0.037938
0.030757
0.019075
0.026179
0.015118
0.022389
0.022171
0.014804
0.021281
0.013661
0.022554
0.015168
0.014565
0.022190
0.014220
0.021973
0.012719
0.020232
0.013015
0.020640
0.020794
0.013203
0.013126
0.021294
0.012786
0.020412
0.012708
0.020253
0.019974
0.012502
0.020169
0.012501
0.011786
0.019421
0.979723
0.968574
0.396756
0.385853
0.259647
0.248970
0.195266
0.184560
0.124826
0.114140
0.089170
0.078379
0.059293
0.048218
0.039755
0.029172
0.033870
0.022762
0.034690
0.023322
0.033029
0.022194
0.033599
0.021990
0.031699
0.020566
0.031310
0.020213
0.030642
0.019028
0.030047
0.018908
0.033454
0.019310
0.032080
0.018647
0.034629
0.023125
0.030835
0.019009
0.030562
0.019190
0.033152
0.021645
0.030229
0.018789
2.018471
1.999816
0.740290
0.722653
0.466751
0.448692
0.288030
0.269849
0.231309
0.210843
0.161177
0.142558
0.105879
0.087717
0.068549
0.050722
0.054793
0.036794
0.072910
0.054696
0.057487
0.036557
0.054817
0.035958
0.053582
0.034089
0.051166
0.032707
0.034547
0.053389
0.058315
0.037987
0.049083
0.030196
0.049097
0.030723
0.051608
0.032759
0.051561
0.032315
0.050858
0.031473
0.050461
0.031475
0.048766
0.030586
3.488471
3.451533
1.494773
1.459471
0.873948
0.839045
0.704921
0.669237
0.491423
0.455776
0.291861
0.257032
0.222988
0.188081
0.134802
0.098873
0.111900
0.076233
0.108947
0.072789
0.104821
0.069644
0.106243
0.071375
0.101618
0.066222
0.103036
0.067541
0.103112
0.067890
0.100814
0.059458
0.095171
0.059602
0.093946
0.058045
0.095067
0.059219
0.093817
0.058197
0.095249
0.059230
0.093900
0.058340
0.093529
0.057636
10.200434
10.129638
3.961766
3.877185
2.143092
2.059543
1.690937
1.602724
1.175560
1.089350
0.752232
0.668678
0.550768
0.466902
0.394726
0.307501
0.276593
0.193393
0.265844
0.181003
0.196920
0.286853
0.273402
0.187097
0.260550
0.175746
0.245240
0.159515
0.262670
0.169863
0.243010
0.157717
0.239518
0.155614
0.240543
0.156361
0.252259
0.155139
0.256520
0.170510
0.241702
0.158365
0.246566
0.161162
0.246202
0.150001
14.437626
14.309297
5.230945
5.105285
3.357723
3.229382
2.467828
2.342486
1.739719
1.610757
1.219000
1.087669
0.776473
0.650774
0.501956
0.373954
0.470014
0.338087
0.423154
0.295485
0.420906
0.294482
0.411118
0.277357
0.410584
0.282946
0.428065
0.283386
0.373518
0.247070
0.376028
0.239653
0.348772
0.221411
0.365553
0.238223
0.388831
0.244389
0.362590
0.237733
0.387380
0.245526
0.367436
0.237140
0.343226
0.216293
24.722237
24.489786
9.337635
9.126070
5.209464
4.996418
4.124007
3.914708
3.169897
2.962738
1.920851
1.701087
1.256603
1.038120
0.879693
0.670436
0.719986
0.508759
0.758677
0.550452
0.704531
0.476377
0.710609
0.500260
0.657248
0.448076
0.696077
0.465220
0.778733
0.530491
0.596306
0.389052
0.634700
0.406356
0.579972
0.372727
0.578593
0.366814
0.645134
0.437005
0.577798
0.365275
0.621793
0.396035
0.621026
0.413813
49.686248
49.266558
19.407214
18.988192
10.598855
10.178483
8.198072
7.771928
6.197039
5.767220
3.844354
3.422714
2.544986
2.124148
1.709439
1.280679
1.450143
1.036980
1.443826
1.020209
1.350176
0.931277
1.288443
0.857029
1.332942
0.910404
1.318675
0.900364
1.246608
0.825865
1.280065
0.853938
1.186258
0.766745
1.255032
0.824362
1.220292
0.793102
1.241843
0.815939
1.193994
0.765900
1.252975
0.834309
1.214770
0.784097
98.064887
97.205001
38.648064
37.769314
21.912154
21.055931
18.541163
17.675331
14.190283
13.252433
9.137853
8.200815
5.615408
4.667768
3.498794
2.612362
3.006680
2.121041
2.839874
1.964999
2.841231
1.955940
3.496612
2.575556
3.366172
2.271287
3.212784
2.210844
2.943451
1.970674
2.793046
1.793788
2.827057
1.872465
2.727878
1.775084
2.809670
1.834904
2.835962
1.870182
2.801835
1.810044
2.798745
1.803769
2.721085
1.747849
122.730197
121.283764
57.415870
56.012981
33.818273
32.375338
26.133720
24.719312
20.260040
18.848163
13.475949
12.018472
8.833345
7.435413
5.716578
4.327379
4.776255
3.368334
4.692662
3.309653
4.493143
3.092772
4.378817
2.986319
4.331903
2.930953
4.281755
2.883436
4.075606
2.681263
3.995465
2.587192
3.986184
2.568408
3.953610
2.553236
3.959976
2.565158
4.020315
2.622595
3.941781
2.551803
3.975412
2.580901
3.881512
2.494252
185.982473
184.124362
78.121366
76.265770
46.214118
44.354542
36.473216
34.615160
25.400808
23.537577
15.174361
13.477132
10.152803
8.459173
6.812994
5.117861
5.753568
4.044750
5.834392
4.110054
5.478601
3.772449
5.589700
3.899087
5.822700
3.974081
5.601833
3.770317
5.393682
3.549943
5.245079
3.423651
5.205971
3.371749
5.196978
3.371606
5.255209
3.424287
5.161606
3.328981
5.167035
3.326122
5.214987
3.364303
4.987752
3.160589
